scrp_date,scrp_time,genre_en,genre_jp,rank,media_jp,title,comment,link,date_original
2024-07-12,18:06,life,ライフ,1,大手小町（読売新聞）,男性の短パンは見たくない、気持ち悪いとの批判に小原ブラスは「短パン男の足」にガッカリ…なぜ？,234,https://news.yahoo.co.jp/articles/32e694839e3e54e0f22587b48d043782ad343328,7/12(金) 17:03
2024-07-12,18:06,life,ライフ,2,日刊ゲンダイDIGITAL,連合・芳野会長「共産党で蓮舫票逃げた」の支離滅裂…小池百合子氏を支援しながらどの口が？,180,https://news.yahoo.co.jp/articles/c8ab86f3f1d6f862bb2c1035dc47d46e67d3d3a2,7/12(金) 12:52
2024-07-12,18:06,life,ライフ,3,ENCOUNT,電車に乗ったら「こういう状況」　不快な事態に共感殺到「やっぱりみんなそう思ってるんだなぁ」,139,https://news.yahoo.co.jp/articles/1854cb92e4cb1e836bcaff9ed48fa5171177977e,7/12(金) 9:10
2024-07-12,18:06,life,ライフ,4,FORZA STYLE,ガクガク…足の震えが止まらない。女性トイレで「おじさん」に遭遇。性自認は女性と言われても…やっぱり恐怖は拭えない。今、銭湯で起きている由々しき事態,65,https://news.yahoo.co.jp/articles/23fb90e54030672d2e570e627966362fcfd88f29,7/12(金) 7:06
2024-07-12,18:06,life,ライフ,5,日刊ゲンダイDIGITAL,兵庫・維新系パワハラ県知事の「犠牲者」はもう1人いる！ 別の職員の死亡「隠蔽」の疑い,63,https://news.yahoo.co.jp/articles/f1bff00cb48ec20b4847d70946350b8e70618f76,7/12(金) 15:32
2024-07-12,18:06,life,ライフ,6,All About,給食の「ストローレス牛乳」実際使ってみてどう？開封・直飲みは慣れた!? 小1担任に様子を聞いた,62,https://news.yahoo.co.jp/articles/1be56416a468a60a5db36d45b69cbd100f0102e1,7/11(木) 18:15
2024-07-12,18:06,life,ライフ,7,FASHIONSNAP,ニルヴァーナとマーク ジェイコブスが和解　スマイルマークのTシャツデザインを巡り,56,https://news.yahoo.co.jp/articles/0995009d0a43924c3611bbb7fa608623d2b8c51e,7/12(金) 10:04
2024-07-12,18:06,life,ライフ,8,週刊女性PRIME,「虐待だろ」“体重差がありすぎる”犬の交配を行ったペットショップが炎上,28,https://news.yahoo.co.jp/articles/b65a6d76122aa93106fe9972147e341637529413,7/12(金) 8:02
2024-07-12,18:06,life,ライフ,9,産経新聞,東大理Ⅲ合格校ランキング　開成、桜蔭、灘、筑駒の4校で44人、合格者の半数近く占める,25,https://news.yahoo.co.jp/articles/a6d91b0a1584194e72ec240843836dab05d08dd1,7/12(金) 15:06
2024-07-12,18:06,life,ライフ,10,プレジデントオンライン,「相続税100%」を導入しなければ超高齢社会を乗り切れない…世代間対立を避け不況を解決する最強策,21,https://news.yahoo.co.jp/articles/1186ebb5cf66f4e12a4e019c4a603d3c5da65520,7/12(金) 15:17
2024-07-12,18:06,life,ライフ,11,プレジデントオンライン,君は僕より売れてないよね…超難関「東京藝大」の卒業生が直面する「芸術でメシを食う」という困難,20,https://news.yahoo.co.jp/articles/5301a7daedb3dec953114f017573ab8c3d1a48c6,7/12(金) 10:17
2024-07-12,18:06,life,ライフ,12,プレジデントオンライン,"「帰ったらまず休憩するか、それとも家事か」自律神経の専門家が推奨する""疲れにくい""行動習慣",20,https://news.yahoo.co.jp/articles/53252ed54a7114234724fd8ab62dd8ccbcc13f74,7/12(金) 8:17
2024-07-12,18:06,life,ライフ,13,産経新聞,小池百合子知事「チルドレンファーストは続ける」　千葉・熊谷俊人知事の格差拡大懸念に,20,https://news.yahoo.co.jp/articles/ed878ec0e6d4f7302b23efb2da2735fc14ffe3a4,7/12(金) 16:39
2024-07-12,18:06,life,ライフ,14,現代ビジネス,実は40代に多い「妊娠中絶」…「子どもができました」と告白すると、公務員は逃げ出した！婚活アプリで出会った男の「非情な仕打ち」と「父の怒り」,19,https://news.yahoo.co.jp/articles/a50f55f77f937beb0d4187429241050f72ab2af9,7/12(金) 8:30
2024-07-12,18:06,life,ライフ,15,THE GOLD ONLINE（ゴールドオンライン）,「もう外に出るのも嫌」海外生活に耐えられず、日本にとんぼ返りする人も…期待に胸膨らませた若者が直面する〈理想と現実〉のギャップ,17,https://news.yahoo.co.jp/articles/5d8427189eb7130b28a0ec1d316738475125b9be,7/12(金) 8:02
2024-07-12,18:06,life,ライフ,16,FASHIONSNAP,ミズノが赤外線で下着が透けないユニフォームを開発、公式サイトで発売,16,https://news.yahoo.co.jp/articles/15e760525737f6c3f2e36e7d78121abbf0b1e9c0,7/12(金) 10:52
2024-07-12,18:06,life,ライフ,17,Forbes JAPAN,保存料や添加物を含む「超加工食品」は10％も早死リスクを高める　研究結果,16,https://news.yahoo.co.jp/articles/3e495b0aa7530d56afc5582b4e202d7dfb402d67,7/12(金) 12:30
2024-07-12,18:06,life,ライフ,18,ESSE-online,「しょうゆ差しは必要なかった」。つめ替えをやめてよかった調味料3つ,15,https://news.yahoo.co.jp/articles/3bde6e2273fb26fd52af5eb39684cb27d88defc1,7/12(金) 16:02
2024-07-12,18:06,life,ライフ,19,日刊ゲンダイDIGITAL,昭恵夫人が講演で“固まる”珍事…参加者に旧統一教会の政治団体会員、質疑で安倍元首相を礼賛,15,https://news.yahoo.co.jp/articles/3608fcf07e51f2812db90a911f55961ec8a28e31,7/12(金) 11:44
2024-07-12,18:06,life,ライフ,20,ファイナンシャルフィールド,カフェで勉強のため「コーヒー1杯」で4時間ほど過ごします。お金に余裕がないのですが、「ドリンクだけ」で滞在できる時間の目安はあるのでしょうか…？,14,https://news.yahoo.co.jp/articles/8b18d90a7acced75597e78b24b2cd7d0fe72c99a,7/12(金) 13:40
2024-07-12,18:06,life,ライフ,21,まいどなニュース,ゲリラ豪雨で洗濯物がビショビショに…そんな時「洗濯物は洗い直すべき？」　花王の回答に多くの反響「乾けば良いと思ってた」,14,https://news.yahoo.co.jp/articles/131edd866a5a91e959f4c4952971e240781e9173,7/12(金) 11:45
2024-07-12,18:06,life,ライフ,22,ほ・とせなNEWS,娘がお風呂を上がるまで、寝ずに待っている父　職業柄ならではの理由に「深い愛ですね」「泣けるなぁ」,14,https://news.yahoo.co.jp/articles/aed14bec729885ee41d1da4b3dcbdb51d40b7d22,7/12(金) 12:30
2024-07-12,18:06,life,ライフ,23,現代ビジネス,「その人ら、家族の絆もろすぎひん？」選択的夫婦別姓について、11歳の娘が放った「感動の一言」,11,https://news.yahoo.co.jp/articles/d3596f27a3784c698ab8d0a8f5548bd705c71f94,7/12(金) 8:04
2024-07-12,18:06,life,ライフ,24,読売新聞オンライン,劇症型溶連菌で妊産婦５人死亡…日本産婦人科医会「マスク着用や手洗いなど感染予防を」,11,https://news.yahoo.co.jp/articles/c1086c72b8b0015593718edf2e3c0b980716ef83,7/12(金) 10:41
2024-07-12,18:06,life,ライフ,25,Hint-Pot,「食べられないものが多かったことが想定外」　日本で暮らす外国人女性が感じた母国にはない魅力とは,11,https://news.yahoo.co.jp/articles/83831c43ab46d4e73845820294f4bc41fb9fa54f,7/12(金) 14:09
2024-07-12,18:06,life,ライフ,26,ファイナンシャルフィールド,子どもが卵好きで、毎日「3個」は食べます。卵代だけで「月5000円」かかるのですが、もう少し安い食材はないのでしょうか？「コレステロール」も心配です…,10,https://news.yahoo.co.jp/articles/c463f340f78a01092b3d4fc84d19002e5a1f15a6,7/12(金) 13:40
2024-07-12,18:06,life,ライフ,27,オリコン,東京都港区防災課、「緊急速報メール」誤発報を謝罪　原因は調査中「状況把握に努めています」,9,https://news.yahoo.co.jp/articles/caadd1193641def707c11acd1b37f400d4c43ca2,7/12(金) 17:18
2024-07-12,18:06,life,ライフ,28,ねとらぼ,「これは吐きそうw」　マクドナルドが公開した“狂気のアイテム”にツッコミ殺到　「ギットギトになる」「笑った」,8,https://news.yahoo.co.jp/articles/44a61f7f4c535dd351160dc525b0dee7bcdcbeca,7/12(金) 12:45
2024-07-12,18:06,life,ライフ,29,たまひよONLINE,ドイツで出産した三つ子は8歳に。子どもの医療費は自己負担なし、大学まで無料、パパの育休取得は当たり前。ドイツの子育て環境とは？【体験談】,8,https://news.yahoo.co.jp/articles/225ffbd87c34e50d4e744e18825ac5c99779ddc2,7/12(金) 11:55
2024-07-12,18:06,life,ライフ,30,日刊ゲンダイDIGITAL,国民・玉木代表の肝いり「AIゆういちろう」に質問してみた 「消費税」「給料」「小池知事3期目」に対する答えは？,8,https://news.yahoo.co.jp/articles/aafd84d461987eb5407eb6bdb845c06b78f0bc03,7/12(金) 9:06
2024-07-12,18:06,life,ライフ,31,ねとらぼ,「なぜか涙が出る」　フランス人目線の“日本の夏”がエモすぎると話題　「切ない」「儚さがある」と140万再生,8,https://news.yahoo.co.jp/articles/1d9776d9c6b99256177279a3385477e7e24e14b2,7/11(木) 21:00
2024-07-12,18:06,life,ライフ,32,ファイナンシャルフィールド,節約のため、平日の朝食は「1本満足バー」で済ませているのですが、栄養は十分に確保できているでしょうか…？,8,https://news.yahoo.co.jp/articles/ccefc2c05a2af18448df9dfaeebde3e9359fd74f,7/12(金) 13:10
2024-07-12,18:06,life,ライフ,33,ねとらぼ,「念願のツインターボになりました」と愛車を投稿→タイヤの“異変”が180万表示　「過給機ならぬ蝸牛機」「安全運転しそう」,7,https://news.yahoo.co.jp/articles/795d9b09da983bc33286d6895a7eea8a951cef5d,7/12(金) 9:00
2024-07-12,18:06,life,ライフ,34,毎日新聞,東大の学費引き上げ、11月までに可否決定　反発受け慎重に検討か,7,https://news.yahoo.co.jp/articles/386cc25fd2f83c8efcc69ca2609e4e635fbab135,7/12(金) 12:55
2024-07-12,18:06,life,ライフ,35,ねとらぼ,「愛知のラーメン店」人気ランキング！　2位は「らぁ麺 飛鶏（あすか）」、1位は？【2024年7月12日時点の評価／ラーメンデータベース】,7,https://news.yahoo.co.jp/articles/9d4f88a9a1aca94d67fb50befcea679ec2c0a423,7/12(金) 16:35
2024-07-12,18:06,life,ライフ,36,産経新聞,リアル中学受験　親の職場よりも遠い塾通いで息子の体調に異変、気づかぬ「やりすぎ」母　リアル中学受験-わが家の場合,7,https://news.yahoo.co.jp/articles/448187918d52ddadce1589bf9d5230ec1271b8d3,7/12(金) 13:26
2024-07-12,18:06,life,ライフ,37,ルアマガ＋,「ブラックバス、ストライパー、マーレー」肉食魚3種を大放流、これは爆釣の予感がする…！,7,https://news.yahoo.co.jp/articles/970ed0dd13c9003458578215fc5e51a52a293642,7/12(金) 12:02
2024-07-12,18:06,life,ライフ,38,AERA dot.,働く世代に広がる育児と介護の「ダブルケア」　縦割り行政で育児と介護で相談窓口違い支援に穴,7,https://news.yahoo.co.jp/articles/d85c331ee52189aa656f6b2cc52c2ef9def04121,7/12(金) 16:31
2024-07-12,18:06,life,ライフ,39,FNNプライムオンライン,公園のSLは昭和天皇が乗った「お召し列車」だった!　きっかけは1枚の写真　74年の時を超えて判明した衝撃の事実,7,https://news.yahoo.co.jp/articles/ada7ed6eb338285ac3e2889c7b88b2255bbb9deb,7/12(金) 16:17
2024-07-12,18:06,life,ライフ,40,ねとらぼ,「なんていい子……！」　子どもが“口に合わない料理を食べたとき”の反応が人生2周目レベル　大人も見習いたい表現力,7,https://news.yahoo.co.jp/articles/9f0b1ea14dd00ca1215653371461f3c85479919b,7/12(金) 8:00
