scrp_date,scrp_time,genre_en,genre_jp,rank,media_jp,title,comment,link,date_original
2026-06-09,18:20,local,地域,1,下野新聞デジタル,N/A,512,https://news.yahoo.co.jp/articles/cb4314fbfff36ab74132f28711756ab59aea0ae2,6/9(火) 15:45
2026-06-09,18:20,local,地域,2,STVニュース北海道,N/A,219,https://news.yahoo.co.jp/articles/950882626960a7315097c84b41b288ebf48b6467,6/9(火) 16:09
2026-06-09,18:20,local,地域,3,TNCテレビ西日本,N/A,142,https://news.yahoo.co.jp/articles/c956a5b1807891a23f2d49dab8c4835a29042ac0,6/9(火) 10:55
2026-06-09,18:20,local,地域,4,下野新聞デジタル,N/A,133,https://news.yahoo.co.jp/articles/7004385d70aa2caed54549c336cdb6c846711162,6/7(日) 15:12
2026-06-09,18:20,local,地域,5,長崎文化放送,N/A,98,https://news.yahoo.co.jp/articles/4b95aefa1ca6bca5f1d7585be5c03c17bf2c9dff,6/9(火) 12:31
2026-06-09,18:20,local,地域,6,MBSニュース,N/A,74,https://news.yahoo.co.jp/articles/6da4601b04a6c40bf25803f855fbbdcbd5a4d9cc,6/9(火) 9:57
2026-06-09,18:20,local,地域,7,FBS福岡放送,N/A,61,https://news.yahoo.co.jp/articles/62881b9006fdd49163948b8be7bf54660d1c103c,6/9(火) 16:10
2026-06-09,18:20,local,地域,8,MBSニュース,N/A,55,https://news.yahoo.co.jp/articles/bd112aae4bec909d789926ccd03acdcfe764f4fd,6/9(火) 17:08
2026-06-09,18:20,local,地域,9,OBS大分放送,N/A,54,https://news.yahoo.co.jp/articles/9eac11671176223d48d31e7b1452cc7bb66f3ab8,6/9(火) 14:47
2026-06-09,18:20,local,地域,10,ABCニュース,N/A,53,https://news.yahoo.co.jp/articles/bfab2851b69a6df4c75858b188503958d3260f6f,6/9(火) 16:02
2026-06-09,18:20,local,地域,11,TNCテレビ西日本,N/A,52,https://news.yahoo.co.jp/articles/5a30f662ab2ac6da3be63e8a6f82eac67ce9a79f,6/9(火) 9:51
2026-06-09,18:20,local,地域,12,MBSニュース,N/A,48,https://news.yahoo.co.jp/articles/c1d5c5f19679e0a99c88259a2d5b782389767dfb,6/9(火) 17:12
2026-06-09,18:20,local,地域,13,下野新聞デジタル,N/A,45,https://news.yahoo.co.jp/articles/2c5738a26d0ce90321013d382f4508fbde7673f2,6/9(火) 8:12
2026-06-09,18:20,local,地域,14,NBC長崎放送,N/A,43,https://news.yahoo.co.jp/articles/4ffa33a3338f63c971b52aa1cf634e9ab2949818,6/9(火) 13:43
2026-06-09,18:20,local,地域,15,関西テレビ,N/A,41,https://news.yahoo.co.jp/articles/e88da1c41341d75f25a2ac9d681b5610cf2a6c9e,6/9(火) 16:14
2026-06-09,18:20,local,地域,16,中京テレビＮＥＷＳ,N/A,37,https://news.yahoo.co.jp/articles/1d98b349cad7badde78d650ed1e9a9961707bd64,6/9(火) 11:28
2026-06-09,18:20,local,地域,17,RKB毎日放送,N/A,36,https://news.yahoo.co.jp/articles/69fc3f39c26c8b520817d214f961cfab64043e5e,6/9(火) 11:45
2026-06-09,18:20,local,地域,18,神戸新聞NEXT,N/A,35,https://news.yahoo.co.jp/articles/6126046584c311edbc5327fae576faa9d9b42772,6/8(月) 18:48
2026-06-09,18:20,local,地域,19,KBC九州朝日放送,N/A,34,https://news.yahoo.co.jp/articles/f70c3e2c7d9cc6a3e206dddf3ace735e40f924df,6/9(火) 15:45
2026-06-09,18:20,local,地域,20,長崎文化放送,N/A,33,https://news.yahoo.co.jp/articles/a06a52573c0bd7e1278ee1f08b86fc01860dd88a,6/8(月) 19:36
2026-06-09,18:20,local,地域,21,RBC琉球放送,N/A,33,https://news.yahoo.co.jp/articles/afe79382b2447ccbdccfdb8a09d7bafabe7a17c0,6/9(火) 17:03
2026-06-09,18:20,local,地域,22,テレビ北海道,N/A,31,https://news.yahoo.co.jp/articles/d0d60a0d3291f51cbd69c4761d5d4b45d46d4911,6/9(火) 17:22
2026-06-09,18:20,local,地域,23,神戸新聞NEXT,N/A,30,https://news.yahoo.co.jp/articles/b35c5d2b3fd45796b523853596c8f8d6f006ccf2,6/9(火) 10:38
2026-06-09,18:20,local,地域,24,STVニュース北海道,N/A,29,https://news.yahoo.co.jp/articles/ff30ac42e374bd31ebb6231475f192f41a562c16,6/9(火) 17:06
2026-06-09,18:20,local,地域,25,RKB毎日放送,N/A,28,https://news.yahoo.co.jp/articles/9e4565c936c9e950fdee91e81683094a8d31d703,6/8(月) 22:15
2026-06-09,18:20,local,地域,26,関西テレビ,N/A,28,https://news.yahoo.co.jp/articles/4528914bbc84975251c8a855804f1cac0f20c01f,6/9(火) 9:52
2026-06-09,18:20,local,地域,27,ＳＢＣ信越放送,N/A,27,https://news.yahoo.co.jp/articles/ecb5d798289d5381128b2eff072a91bfc28e5034,6/9(火) 17:09
2026-06-09,18:20,local,地域,28,テレビ静岡NEWS,N/A,27,https://news.yahoo.co.jp/articles/21103ba89e1f0a26437fbb5e5895fb091cecd9be,6/9(火) 15:54
2026-06-09,18:20,local,地域,29,長崎新聞,N/A,27,https://news.yahoo.co.jp/articles/bfc4d528f5dc4bb58dbdf0a234ba6fc2a0b21055,6/9(火) 12:00
2026-06-09,18:20,local,地域,30,読売テレビ,N/A,25,https://news.yahoo.co.jp/articles/4cc6f83e1282e76b4c069f79bec0c75fc396ba60,6/9(火) 15:25
2026-06-09,18:20,local,地域,31,チューリップテレビ,N/A,24,https://news.yahoo.co.jp/articles/d2769c8289374da912cad41f5ad260c86869a351,6/9(火) 17:00
2026-06-09,18:20,local,地域,32,RKK熊本放送,N/A,23,https://news.yahoo.co.jp/articles/8212295cfbd4b3eeed2d2eb64ff2ba5a03cae7a2,6/9(火) 7:02
2026-06-09,18:20,local,地域,33,FBS福岡放送,N/A,22,https://news.yahoo.co.jp/articles/f648657621a5e38801a1665ed53be941b888a97f,6/9(火) 16:27
2026-06-09,18:20,local,地域,34,テレビ静岡NEWS,N/A,22,https://news.yahoo.co.jp/articles/29946ac5ec4962678aa9b62aafedad168af63787,6/9(火) 5:00
2026-06-09,18:20,local,地域,35,読売テレビ,N/A,21,https://news.yahoo.co.jp/articles/bd9bfb27b9ebed9d9392fe63fdbc028569a06071,6/9(火) 9:01
2026-06-09,18:20,local,地域,36,読売テレビ,N/A,20,https://news.yahoo.co.jp/articles/ed8e3207fdc8eb2292d7e599737fdd0a18e9370e,6/9(火) 17:17
2026-06-09,18:20,local,地域,37,STVニュース北海道,N/A,20,https://news.yahoo.co.jp/articles/8432fa1c879d1ed4cdf29b3a972bd64085ea104a,6/9(火) 4:02
2026-06-09,18:20,local,地域,38,MRO北陸放送,N/A,20,https://news.yahoo.co.jp/articles/60f5ee999ea3f0112bcec77ef57dec079bbdd691,6/9(火) 16:35
2026-06-09,18:20,local,地域,39,埼玉新聞,N/A,19,https://news.yahoo.co.jp/articles/94b44123205f44d9ea4dda0d3e52f20b690d762a,6/9(火) 9:32
2026-06-09,18:20,local,地域,40,NBS長野放送,N/A,19,https://news.yahoo.co.jp/articles/03ccc04fa9568ec7826c51642233a25947c73b48,6/9(火) 16:04
