scrp_date,scrp_time,genre_en,genre_jp,rank,media_jp,title,comment,link,date_original
2024-02-05,12:19,business,経済,1,ITmedia ビジネスオンライン,物価高なのに　100円ショップセリア「安くても売れない」苦しい事情,166,https://news.yahoo.co.jp/articles/f110cd0c8420389e1d751bb49090354ffff8af39,2/5(月) 8:00
2024-02-05,12:19,business,経済,2,乗りものニュース,名神「地獄の大雪立ち往生」なぜ繰り返された？ “躊躇なく通行止め”できず19時間 “スタッドレスだけじゃダメ！”訴えも,61,https://news.yahoo.co.jp/articles/2f0a3b994f0ec72d24ab486f945f9ca27d022ee1,2/5(月) 9:42
2024-02-05,12:19,business,経済,3,マネーポストWEB,「バリカタ」注文はなぜNG？　博多のとんこつラーメン「魁龍」名物店主が熱弁する“麺の茹で方へのこだわり”,50,https://news.yahoo.co.jp/articles/767274c6bf685146c08caf687cc5fb5286eb174c,2/4(日) 15:15
2024-02-05,12:19,business,経済,4,ベストカーWeb,何回言えばわかるんだよ!!! 「ちょっとそこまで」が命取り……夏タイヤで雪道を運転するのは「違法行為」です,46,https://news.yahoo.co.jp/articles/9e72fa69f0a77c24458ffa158529c3408a6e7928,2/5(月) 11:00
2024-02-05,12:19,business,経済,5,現代ビジネス,日本で本当の意味で「人口減少」が始まったのはいつか…どうにもできない現実と閉じこもる高齢者たち,40,https://news.yahoo.co.jp/articles/8f0e47720a85d6c42f29bb97e1a30566d146e8b7,2/5(月) 6:48
2024-02-05,12:19,business,経済,6,NEWSポストセブン,【リニア問題】公の場で放言繰り返す川勝平太・静岡県知事「次々に難癖をつけ、ゴールポストをずらし続けている」との指摘も,38,https://news.yahoo.co.jp/articles/e2495dc45c4ad0f82e6f1f120ea0c1165609142b,2/4(日) 16:15
2024-02-05,12:19,business,経済,7,読売新聞オンライン,大阪万博に積極的な中国「風格、力量を世界に示す」…３５年招致の思惑も,37,https://news.yahoo.co.jp/articles/85084051aab452f95c857504f377feb3f56f84b2,2/4(日) 16:55
2024-02-05,12:19,business,経済,8,THE GOLD ONLINE（ゴールドオンライン）,使い切れんだろ！「手取り18万円の40代男性」、スーパーに並ぶ「大容量のマヨネーズ」に怒ったワケ【時代に翻弄される氷河期世代】,33,https://news.yahoo.co.jp/articles/c82a66f201b70fe689a0c4932e52f7c1abd39775,2/5(月) 5:02
2024-02-05,12:19,business,経済,9,ベストカーWeb,【バス運転士不足問題】原因はみんなわかっているが問題は原資!! 公営という選択は?,32,https://news.yahoo.co.jp/articles/87ae8e865485194b92f8e80cdb6408a135b31f61,2/5(月) 11:00
2024-02-05,12:19,business,経済,10,読売新聞オンライン,「日本車の牙城」タイでシェア急落、ＥＶ普及で中国台頭…セター首相「日本は出遅れている」,30,https://news.yahoo.co.jp/articles/c6e3c0fbdace922e77a13e7f2582dbcf5cd7953c,2/5(月) 6:51
2024-02-05,12:19,business,経済,11,ロイター,清算命令の中国恒大、残された未完成住宅　購入者「もう投資したくない」,29,https://news.yahoo.co.jp/articles/f398d8ef2fdd4cef3c9940a45d6b0ef79d31b8ad,2/5(月) 10:23
2024-02-05,12:19,business,経済,12,現代ビジネス,持ち家か賃貸か、60～80歳を自由に生きたいなら「持ち家が正解」,23,https://news.yahoo.co.jp/articles/c93eecb3d53f2a0a39aff47c16cb7af23f9949d4,2/5(月) 8:33
2024-02-05,12:19,business,経済,13,ニュースイッチ,航続距離は最高200km…福島発、2人乗り「空飛ぶクルマ」開発始動,21,https://news.yahoo.co.jp/articles/1a69b2ce5c5c0d3e4c821f4e403295468bcd89f0,2/5(月) 10:10
2024-02-05,12:19,business,経済,14,くるまのニュース,えっ… 雪道で「スタック！」 どう対処する？ ロードサービスは数時間待ち… 自力で脱出する方法は？,19,https://news.yahoo.co.jp/articles/a2c948e3cfaefea48db75061d80dd96794e5057c,2/5(月) 8:40
2024-02-05,12:19,business,経済,15,Car Watch,小泉進次郎議員「全国1700の自治体に電気自動車を配ろう」と日産に大胆提案！ 「ゼロ・エミッションフォーラム2024」開催,19,https://news.yahoo.co.jp/articles/984ed07841920b0ff2341e973c4cb3d88c4465f3,2/5(月) 10:34
2024-02-05,12:19,business,経済,16,ベストカーWeb,郵便物の「遅配」で2024年問題に対応!? 日本郵便が一部サービスを見直しへ,18,https://news.yahoo.co.jp/articles/98984f3e39a1c3caab139b8b82d848eb9a6786ef,2/5(月) 10:00
2024-02-05,12:19,business,経済,17,ベストカーWeb,トヨタの電気自動車が200万円台前半で25年登場か!? 「bZスモールクロスオーバー」で日本のBEV普及の起爆剤となる!?,16,https://news.yahoo.co.jp/articles/82161a8fc712b66f8e0d0baf68692143b7dcfd41,2/5(月) 6:00
2024-02-05,12:19,business,経済,18,乗りものニュース,高速道路「大雪通行止め」開始 関東ほぼ全域“ノーマルタイヤ禁止” 首都高では入口閉鎖 雪降る前から予防措置,14,https://news.yahoo.co.jp/articles/3cad01052b913bf9ac1ecb5895ee67915f9ffbbf,2/5(月) 11:21
2024-02-05,12:19,business,経済,19,マネーポストWEB,【教育格差解消への挑戦】笑い飯・哲夫が格安の地域塾を運営する思い　「金持ちの子しか賢くなれへんのはおかしいやん」,14,https://news.yahoo.co.jp/articles/d56a3b873241dd6b98ee27679fa5c24ce60aa0e8,2/5(月) 7:15
2024-02-05,12:19,business,経済,20,ダイヤモンド・オンライン,竹中平蔵の悪夢再び？4月以降さらなる倒産急増が迫る,14,https://news.yahoo.co.jp/articles/926633303900d2959e7df5cbdd90a23e5f2f341a,2/5(月) 6:02
2024-02-05,12:19,business,経済,21,現代ビジネス,退職金が激減…！60～80歳で「貧しい生活」を送らないために知っておくべき「厳しい現実」,13,https://news.yahoo.co.jp/articles/9251953e3ec498b4c640d8e759c0574fe165d725,2/5(月) 6:23
2024-02-05,12:19,business,経済,22,乗りものニュース,ロシア空軍、戦争長期化でヘロヘロに？「自国内に爆弾誤投下」相次ぐ 1月だけで4回,13,https://news.yahoo.co.jp/articles/e95512ded41835ca27fa1f1e0c1c6e854f70ae68,2/5(月) 6:12
2024-02-05,12:19,business,経済,23,ニュースイッチ,ダイハツの新車販売が6割減…認証不正で打撃免れず,13,https://news.yahoo.co.jp/articles/ff31260a9bf5cd3d904f374736e40755a42b4cd2,2/5(月) 9:10
2024-02-05,12:19,business,経済,24,毎日新聞,社長輩出、トップは日大　13年連続　「卒業生の総数、他を圧倒」,13,https://news.yahoo.co.jp/articles/94f6003f1bb5eb2053ef1badfac343c69623a765,2/5(月) 10:30
2024-02-05,12:19,business,経済,25,ベストカーWeb,ロッキーライズ買えない今こそチャンス!? 新型WR-Vの価格はお見事!! でもFFだけでいいのか!?,13,https://news.yahoo.co.jp/articles/0c5d5c9e556b42d5b4141254248e4a832b2c581e,2/5(月) 10:00
2024-02-05,12:19,business,経済,26,WEB CARTOP,観光客にとっては恐怖でしかない！　巷で言われる「ご当地交通ルール」は基本的に道交法違反,13,https://news.yahoo.co.jp/articles/68f92f5cd984fb045ac3d278e85a4e146e43d491,2/5(月) 6:30
2024-02-05,12:19,business,経済,27,くるまのニュース,なぜマツダ「CX-5」は売れ続ける？ 登場6年経過もマツダ車1位の謎!? 新型SUV出ても人気なワケ,12,https://news.yahoo.co.jp/articles/1869bd1a060a65bf21e9a82468b5c3a5d1649c62,2/5(月) 10:10
2024-02-05,12:19,business,経済,28,東洋経済オンライン,JR東海「リニア」トンネル工事進んでも静岡は闇 首都圏では順調だが、静岡は知事と泥試合へ,12,https://news.yahoo.co.jp/articles/59234b15b15c9e82acc9a9c3694a0e580e7cc22b,2/5(月) 4:32
2024-02-05,12:19,business,経済,29,乗りものニュース,「パノラマsuper」で名鉄の“聖地”へ！ 初の展望席“逆向き”運行も 異色の旅2月末開催,12,https://news.yahoo.co.jp/articles/348836c52f4f3dcaf911c814adf65bfdf63f1133,2/5(月) 10:42
2024-02-05,12:19,business,経済,30,くるまのニュース,トヨタ「新型FRスポーツ」公開!? 幻の「コンパクトモデル」が復活！ 丸目がカワイイ「SF-R“コンバーチブル”」に反響集まる,12,https://news.yahoo.co.jp/articles/7cd61c758423f7ba068dc72622ebd3c04786e47b,2/5(月) 8:10
2024-02-05,12:19,business,経済,31,ロイター,フォード、1月のＥＶ販売は11％減　ハイブリッド車は42％増,12,https://news.yahoo.co.jp/articles/fc405e577d12fe537b56f88e5907899b99ffe14e,2/5(月) 10:01
2024-02-05,12:19,business,経済,32,週刊SPA!,「使えな」「記憶力なさすぎ」店長と学生バイトにグループLINEでいじめられる50歳バイトの悲鳴,12,https://news.yahoo.co.jp/articles/e8b33c75d235842bc5e57573dc30a80bf7dbd390,2/5(月) 8:55
2024-02-05,12:19,business,経済,33,乗りものニュース,熊本到達へまた前進!?「有明海沿岸道路」長洲～玉名で概略ルート検討へ 4県接続の高規格道路,11,https://news.yahoo.co.jp/articles/2e58ace30a746e684b7d0383b2f2ffe77a2a7188,2/5(月) 7:12
2024-02-05,12:19,business,経済,34,くるまのニュース,給油中に「愛車のチェックしませんか？」 ガソリンスタンドで行われる「謎の声掛け」の意味とは？ お願いしても大丈夫なの？,10,https://news.yahoo.co.jp/articles/86cd7e08f25825bd6efeb483451098de559f9a64,2/5(月) 11:10
2024-02-05,12:19,business,経済,35,THE GOLD ONLINE（ゴールドオンライン）,成功者「株で勝ちたいなら“分散”じゃなく”集中投資”が正解」…投資初心者がこれを鵜呑みにしてはいけないワケ【資産1億円超えの兼業投資家が解説】,10,https://news.yahoo.co.jp/articles/c584eeff51c6cce8c96b2a2fbb83d26ec3914173,2/5(月) 11:02
2024-02-05,12:19,business,経済,36,東洋経済オンライン,「何でおれが怒ってるかわかる？」「経営者目線を持て」若手の心をへし折る”陰湿フィードバック”3大NG,10,https://news.yahoo.co.jp/articles/a5be54d83905176e72f4135625635b3aa6fb862e,2/5(月) 7:02
2024-02-05,12:19,business,経済,37,東洋経済オンライン,日経平均は年前半3万8000円到達の可能性がある,10,https://news.yahoo.co.jp/articles/2708705d7c14638b98f5921e3ac6fe730502e59d,2/5(月) 6:32
2024-02-05,12:19,business,経済,38,鉄道コム,青函トンネルで「時速260キロ運転」ついに実現へ　ただし期間限定、その理由は,10,https://news.yahoo.co.jp/articles/a8fc6865ccc7589e7a7d554c52020c6b3ea05441,2/5(月) 10:35
2024-02-05,12:19,business,経済,39,LIMO,「年金だけで生活できていない」世帯は56％、【厚生年金】ひとりで「月額18万円」は羨ましい方？,10,https://news.yahoo.co.jp/articles/f428c1f1156cece163e0471de8e882fd2e203753,2/5(月) 6:37
2024-02-05,12:19,business,経済,40,Bloomberg,中国、10兆元規模の株式安定化基金が必要－政府系シンクタンク研究員,10,https://news.yahoo.co.jp/articles/b839f3185fa5da4de672a95cd0f5358b8ee2b256,2/5(月) 8:55
