scrp_date,scrp_time,genre_en,genre_jp,rank,media_jp,title,comment,link,date_original
2026-04-22,03:33,business,経済,1,共同通信,N/A,59,https://news.yahoo.co.jp/articles/0d4639db7df0051ff2cdf2049ab66a8a0971828e,4/21(火) 16:16
2026-04-22,03:33,business,経済,2,テレビ朝日系（ANN）,N/A,48,https://news.yahoo.co.jp/articles/f6b53d53987ab70b7b07064dba8f6030120254ad,4/21(火) 15:36
2026-04-22,03:33,business,経済,3,ロイター,N/A,45,https://news.yahoo.co.jp/articles/4afd5032fc4ed1624577da20e559e4da9119619a,4/21(火) 9:07
2026-04-22,03:33,business,経済,4,MotorFan,N/A,22,https://news.yahoo.co.jp/articles/75ab0f06970a88bcf460a677358ab43b3d7dbb32,4/21(火) 21:02
2026-04-22,03:33,business,経済,5,ファイナンシャルフィールド,N/A,22,https://news.yahoo.co.jp/articles/29a1acbd97ab807e3688716b5591c4b476a71f88,4/21(火) 14:50
2026-04-22,03:33,business,経済,6,プレジデントオンライン,N/A,22,https://news.yahoo.co.jp/articles/51e25901784b6237f656281c983afe84066c26f2,4/21(火) 7:15
2026-04-22,03:33,business,経済,7,GQ JAPAN,N/A,19,https://news.yahoo.co.jp/articles/7bed213968ed2e86a550869013545698c74e67e7,4/21(火) 21:01
2026-04-22,03:33,business,経済,8,時事通信,N/A,18,https://news.yahoo.co.jp/articles/cec7c6300d715095f04549312f82a45c848717d4,4/21(火) 20:00
2026-04-22,03:33,business,経済,9,FNNプライムオンライン,N/A,16,https://news.yahoo.co.jp/articles/133a9ba6d348bf3d6e6a6d19ba89ccc65ba3fcd4,4/21(火) 12:02
2026-04-22,03:33,business,経済,10,ファイナンシャルフィールド,N/A,14,https://news.yahoo.co.jp/articles/bbc821d5192dc20d36f82248370ad3e119fcffdb,4/21(火) 13:40
2026-04-22,03:33,business,経済,11,Bloomberg,N/A,13,https://news.yahoo.co.jp/articles/a41a6b278df94c50fd3fb9f906cf651a7b19f02b,4/21(火) 22:49
2026-04-22,03:33,business,経済,12,読売新聞オンライン,N/A,12,https://news.yahoo.co.jp/articles/8d877889f4a690fb4847a4c6016eb3992eaeeacf,4/21(火) 21:08
2026-04-22,03:33,business,経済,13,LIMO,N/A,12,https://news.yahoo.co.jp/articles/7f0e675ed0d509b28befaee35e07116be6efb936,4/21(火) 15:51
2026-04-22,03:33,business,経済,14,ファイナンシャルフィールド,N/A,12,https://news.yahoo.co.jp/articles/5ad88dd4f6f9ee90e33055044ac2afb3d12eada2,4/21(火) 8:40
2026-04-22,03:33,business,経済,15,共同通信,N/A,12,https://news.yahoo.co.jp/articles/0cb58e5e50864246b341385d82cac260a5d7b2b1,4/21(火) 6:25
2026-04-22,03:33,business,経済,16,読売新聞オンライン,N/A,12,https://news.yahoo.co.jp/articles/8a00e3eff38fefc4647d48d345a5bbffac95cb78,4/21(火) 15:26
2026-04-22,03:33,business,経済,17,MotorFan,N/A,12,https://news.yahoo.co.jp/articles/0c138b760c90027d53a949e24ead7645adec0610,4/21(火) 11:55
2026-04-22,03:33,business,経済,18,THE GOLD ONLINE（ゴールドオンライン）,N/A,11,https://news.yahoo.co.jp/articles/335308ded8ad4e9077f07d0304480a7013a713e8,4/21(火) 11:00
2026-04-22,03:33,business,経済,19,ダイヤモンド・ザイ,N/A,11,https://news.yahoo.co.jp/articles/587e1b15c07c2afed04729bdfb39f93e8cf3a1bf,4/21(火) 21:20
2026-04-22,03:33,business,経済,20,時事通信,N/A,10,https://news.yahoo.co.jp/articles/c3842bcdc5c7f4e3da108b9683cefdb301d1ff4e,4/21(火) 14:30
2026-04-22,03:33,business,経済,21,MotorFan,N/A,10,https://news.yahoo.co.jp/articles/1c8814e9344f8317042a5607c769671ccbbff97a,4/21(火) 9:10
2026-04-22,03:33,business,経済,22,プレジデントオンライン,N/A,10,https://news.yahoo.co.jp/articles/b3e2e2867716365a3b372431208596cd05881077,4/21(火) 8:15
2026-04-22,03:33,business,経済,23,ファイナンシャルフィールド,N/A,10,https://news.yahoo.co.jp/articles/e223d692163ec3014c9e81dbdaa88b228261b03c,4/21(火) 8:40
2026-04-22,03:33,business,経済,24,共同通信,N/A,10,https://news.yahoo.co.jp/articles/c062469c839277084cc89a3dece001b987d66bd6,4/21(火) 18:02
2026-04-22,03:33,business,経済,25,MotorFan,N/A,10,https://news.yahoo.co.jp/articles/de311fb9a00f57b96afdf87e42e8d486c9941824,4/21(火) 17:00
2026-04-22,03:33,business,経済,26,東洋経済オンライン,N/A,10,https://news.yahoo.co.jp/articles/097ba36ca4a8743442c5d05167ad12f84270aa39,4/21(火) 7:00
2026-04-22,03:33,business,経済,27,FNNプライムオンライン（フジテレビ系）,N/A,10,https://news.yahoo.co.jp/articles/0ec2b12fb9cf23bdc5403734b432e24441ee7781,4/21(火) 17:53
2026-04-22,03:33,business,経済,28,Aviation Wire,N/A,9,https://news.yahoo.co.jp/articles/8bc0dd71de4996700ce162aaa8616a5b400d1c9b,4/22(水) 0:19
2026-04-22,03:33,business,経済,29,産経新聞,N/A,9,https://news.yahoo.co.jp/articles/35fed41d0497b3ee7547fc9933d656c12dee60b2,4/21(火) 20:30
2026-04-22,03:33,business,経済,30,Yahoo!ニュース オリジナル THE PAGE,N/A,9,https://news.yahoo.co.jp/articles/40ca1ef75d137e7086d089580c529c2b63036844,4/21(火) 16:15
2026-04-22,03:33,business,経済,31,THE GOLD ONLINE（ゴールドオンライン）,N/A,9,https://news.yahoo.co.jp/articles/90114d4c54d9af876c45abb45afe5446e0e2e8fa,4/21(火) 18:00
2026-04-22,03:33,business,経済,32,Yahoo!ニュース オリジナル THE PAGE,N/A,9,https://news.yahoo.co.jp/articles/6fd942f18a27a464ff18b4b4d67d5edbc43ffbc1,4/21(火) 15:25
2026-04-22,03:33,business,経済,33,共同通信,N/A,9,https://news.yahoo.co.jp/articles/dba07fb920b8f7da0ed83e310d7807efe9d59c49,4/21(火) 18:49
2026-04-22,03:33,business,経済,34,MotorFan,N/A,9,https://news.yahoo.co.jp/articles/38eb6c4cd9ac5a819b197424a31f9509ae511855,4/21(火) 14:00
2026-04-22,03:33,business,経済,35,読売新聞オンライン,N/A,9,https://news.yahoo.co.jp/articles/d775862896b83bbef074964d9578babc35310226,4/21(火) 23:47
2026-04-22,03:33,business,経済,36,TBS NEWS DIG Powered by JNN,N/A,9,https://news.yahoo.co.jp/articles/6030bf49fd94770f6048c6671826fe61eb2c96ec,4/21(火) 16:15
2026-04-22,03:33,business,経済,37,文春オンライン,N/A,9,https://news.yahoo.co.jp/articles/5c81f1dcd1630c5e2d2f6ef05cc24cf7a7e288de,4/21(火) 6:21
2026-04-22,03:33,business,経済,38,ファイナンシャルフィールド,N/A,9,https://news.yahoo.co.jp/articles/8adf7fc21d1efdecd1dafc7efc5472c08a9a8717,4/21(火) 12:40
2026-04-22,03:33,business,経済,39,時事通信,N/A,8,https://news.yahoo.co.jp/articles/17029793ea0011a4e14515a8e7ff9def7ad235a5,4/21(火) 20:00
2026-04-22,03:33,business,経済,40,THE GOLD ONLINE（ゴールドオンライン）,N/A,8,https://news.yahoo.co.jp/articles/28d8014523cee0f5ba98a9d6fdef916fbb46e9f4,4/21(火) 7:30
