scrp_date,scrp_time,genre_en,genre_jp,rank,media_jp,title,comment,link,date_original
2026-01-15,09:36,business,経済,1,ビジネス＋IT,アーケードゲーム消滅…？ゲーセンが「クレーンゲーム」だらけになった裏事情とは,86,https://news.yahoo.co.jp/articles/e17e3f89cdac98a93a1652a9d977ad3eb317da03,1/15(木) 6:50
2026-01-15,09:36,business,経済,2,テレビ朝日系（ANN）,【速報】財務官「あらゆる手段を排除せず」為替介入の可能性を示唆　円安の急伸受け,67,https://news.yahoo.co.jp/articles/aede0afc8673abfd9eea81841659d36df857b5e4,1/14(水) 19:01
2026-01-15,09:36,business,経済,3,TBS NEWS DIG Powered by JNN,【速報】日経平均 初の5万4000円台で取引終了 前日より792円高　“高市トレード”や円安進行など追い風に,59,https://news.yahoo.co.jp/articles/d5f075067207b2162fb885afbdb191387f4e6171,1/14(水) 15:33
2026-01-15,09:36,business,経済,4,プレジデントオンライン,"「日本の自動車が中国に負けた」は大間違い…BYDには絶対にマネできない日本だけが持っている""最強の資産""",59,https://news.yahoo.co.jp/articles/6bd001b4488b529ba429ec7ad7d1ee8d9967e866,1/15(木) 7:15
2026-01-15,09:36,business,経済,5,テレビ朝日系（ANN）,【速報】金の国内小売価格　2万6000円超,34,https://news.yahoo.co.jp/articles/1258a1f9db0f1e9cf22451196a97e559b352a80c,1/14(水) 9:42
2026-01-15,09:36,business,経済,6,ABEMA TIMES,物価高対策で「あえて現金のみ」に回帰する店 年間2000万円のキャッシュレス決済手数料を商品価格に還元,29,https://news.yahoo.co.jp/articles/9614751a401b51d4e78e7d6ecc9efda8ba932f64,1/14(水) 11:30
2026-01-15,09:36,business,経済,7,文春オンライン,《ついに首都圏上陸》ロピアよりスゴい…かも？ 売り場がまるで「アトラクション」、 “岐阜から来た食品スーパー”で見た、衝撃の光景,27,https://news.yahoo.co.jp/articles/e7024dcc3fb7f77314c769f70f5137bb91e3ad88,1/15(木) 6:12
2026-01-15,09:36,business,経済,8,THE GOLD ONLINE（ゴールドオンライン）,「もう帰ってこなくていい。この家を出ていきなさい…」月収28万円・48歳娘が実家を出た日、年金月18万円・75歳父が泣いた理由,23,https://news.yahoo.co.jp/articles/b75759b963467bd322cbdfe894fffc2e5703def9,1/15(木) 6:00
2026-01-15,09:36,business,経済,9,ファイナンシャルフィールド,義実家へ家族全員で帰省すると、交通費、お年玉、手土産で合計30万円ほどかかります。来年から夫だけの帰省は非常識？家族全員で行かないと失礼でしょうか。,23,https://news.yahoo.co.jp/articles/5ddbd45a6177e6a10210b9ff67708594297912ee,1/15(木) 7:20
2026-01-15,09:36,business,経済,10,TBS CROSS DIG with Bloomberg,トランプ氏にやじ飛ばしたフォードの労働者、労組が「全力で保護」表明,21,https://news.yahoo.co.jp/articles/7d8284025000a5473b326f33e188e5e3c857ba15,1/15(木) 8:02
2026-01-15,09:36,business,経済,11,東洋経済オンライン,中国の対日輸出規制、レアアース以外にも対象幅広く。半導体に必須のガリウムなども、「軍民両用」前面に国際ルール合致を強調,21,https://news.yahoo.co.jp/articles/ce9e47a43b8d21e80c45853f1d64d653940ecaac,1/15(木) 6:00
2026-01-15,09:36,business,経済,12,読売新聞オンライン,中国がレアアース巡りマレーシアに触手…採掘技術供与を提案、協力強化図る日米をけん制,20,https://news.yahoo.co.jp/articles/1ee2b642ca73ffb5b24925efde3ae3cc65c08596,1/15(木) 7:14
2026-01-15,09:36,business,経済,13,ダイヤモンド・オンライン,日経平均5万4000円台でも東京ディズニー株は低迷...それでも「売上高1兆円戦略」に綻びが見えない理由,19,https://news.yahoo.co.jp/articles/85788a1c8b8a86e79226e2a76ea9618aba0c5945,1/15(木) 7:05
2026-01-15,09:36,business,経済,14,ベストカーWeb,タンドラが輸入されても乗れない？ 1ナンバー車に待ち構えるまさかの普通免許のワナとは？,15,https://news.yahoo.co.jp/articles/786db4b9e08604f53d819c2bfef7c26cf19de982,1/14(水) 23:00
2026-01-15,09:36,business,経済,15,TBS NEWS DIG Powered by JNN,片山財務大臣「行き過ぎた動きに対してはあらゆる手段を排除せず」　急速な円安進行を受け,15,https://news.yahoo.co.jp/articles/172f29d90610defb25452e52616c3e16189961bc,1/14(水) 20:29
2026-01-15,09:36,business,経済,16,マネーポストWEB,《玉木雄一郎氏×高橋洋一氏対談》玉木氏が語る2026年の国民民主党の使命「経済の明るさが実現する1年に」「外から官僚の急所を突くことで政権に協力する」,15,https://news.yahoo.co.jp/articles/e07e61a21624d0e0a76f274bf71a6a813b3d88ec,1/15(木) 7:15
2026-01-15,09:36,business,経済,17,LIMO,「日本株インデックスファンド」で積立投資なら出遅れ感なし？1月14日「日経平均株価」5万4341円 ”また”「史上最高値更新」へ,14,https://news.yahoo.co.jp/articles/4bcd96b035332980d5450077711dd0ef13ba2cd8,1/14(水) 20:40
2026-01-15,09:36,business,経済,18,ファイナンシャルフィールド,部長と一緒の出張で、部長は「グリーン車」、私は「普通車指定席」……。同じ出張でも出張旅費に差があるのは普通ですか？,14,https://news.yahoo.co.jp/articles/65f17ce6f4f33dee0e7b7b3cde93c68cbf839e7e,1/14(水) 13:40
2026-01-15,09:36,business,経済,19,ダイヤモンド・オンライン,【投資歴70年・資産24億円】95歳まで稼ぎ続けたウォーレン・バフェット氏と89歳現役トレーダー・シゲルさん「3つの共通点」,14,https://news.yahoo.co.jp/articles/4ceccc259291f1c49015d4fa616b50c5c0df378b,1/15(木) 6:30
2026-01-15,09:36,business,経済,20,乗りものニュース,首都高公式「絶対やめて！」→守らなかった結果の衝撃映像が「エグい」「奇襲攻撃」 SNSでは非難轟々も「居るんだよな～」,13,https://news.yahoo.co.jp/articles/3e66be406d07b568999e330ae25af37619585b91,1/15(木) 8:42
2026-01-15,09:36,business,経済,21,テレビ朝日系（ANN）,「外国人政策」で意見書を取りまとめ“社会規範”学ぶ機会の提供を　政府有識者会議,13,https://news.yahoo.co.jp/articles/b9fe960502ac9b309b7bd0885ce5415cc936cf89,1/14(水) 12:13
2026-01-15,09:36,business,経済,22,NEWSポストセブン,《下半身をズームで“どアップ”》「バレないように隣のブースから…」レースクイーン・瀬名ひなのが明かした卑劣な”マナー違反撮影“、SNSの誹謗中傷に「『コンパニオンいらない』は暴論」,13,https://news.yahoo.co.jp/articles/865cd409779215a9aec2b3e007282d5a50a99152,1/14(水) 12:30
2026-01-15,09:36,business,経済,23,産経新聞,万博の先に広がる関西メガプロジェクトの吸引力…うめきた2期、IR、なにわ筋線開業,12,https://news.yahoo.co.jp/articles/d85f16c9e76481d8e0ac565a9ed6c0f96bf1bf4c,1/15(木) 8:07
2026-01-15,09:36,business,経済,24,ダイヤモンド・オンライン,無能な上司が「部下との1on1」で口にする“最悪の言葉”・ワースト1,12,https://news.yahoo.co.jp/articles/abbd6c8de891437829eb38c411fade0347d6bc82,1/15(木) 6:15
2026-01-15,09:36,business,経済,25,東洋経済オンライン,Z世代離職「合わなければ辞める」が常識だが、後悔することも。「最低でも1年間は耐えるが得」を勧める理由とは,11,https://news.yahoo.co.jp/articles/93e5aa7f56ca874830cd28e7440aab7551c7ce21,1/15(木) 9:00
2026-01-15,09:36,business,経済,26,共同通信,財務相、円安巡り「あらゆる手段排除せず」,11,https://news.yahoo.co.jp/articles/420e0ed75ef1cf4aa7fc49f81e0245600742e427,1/14(水) 18:17
2026-01-15,09:36,business,経済,27,くるまのニュース,謎の「希望ナンバー」どんな意味？ 読めたら「1031」！ 密かに人気の「358」もはや“取得困難”に!? 抽選対象の番号とは,11,https://news.yahoo.co.jp/articles/deb1d0390c94296496bc8684cf54bfddd57b634e,1/15(木) 7:25
2026-01-15,09:36,business,経済,28,乗りものニュース,日英伊の新戦闘機開発「新メンバー」が続々!? 複数国が熱ぅ～い視線 欧州の計画“無期限延期”からの新局面に？,11,https://news.yahoo.co.jp/articles/59349de3ce6e45f4cff1da49493e98fadbd8ac76,1/15(木) 8:12
2026-01-15,09:36,business,経済,29,TBS NEWS DIG Powered by JNN,長期金利2.18％まで上昇　約27年ぶりの高水準　財政悪化懸念で債券売り続く,11,https://news.yahoo.co.jp/articles/2a60f7a7c321bf9cb5b84930e5437e3e60f92e99,1/14(水) 13:36
2026-01-15,09:36,business,経済,30,産経新聞,「行き過ぎた動きに適切対応」片山財務相　円急落で投機筋牽制　1ドル＝160円台目前,11,https://news.yahoo.co.jp/articles/89b349718d14dd72593a1533dc108ba994265ed3,1/14(水) 19:16
2026-01-15,09:36,business,経済,31,THE GOLD ONLINE（ゴールドオンライン）,"財産1億5,000万円でも動かせるのは現金300万円。〈相続税1,386万円〉が払えないはずだった60代男性が「15年前の民事信託」に救われたワケ【相続の専門家が解説】",10,https://news.yahoo.co.jp/articles/e0fa45589db510e48702a9090388a1515bcf482d,1/15(木) 8:00
2026-01-15,09:36,business,経済,32,Yahoo!ニュース オリジナル THE PAGE,【ヤフコメで話題】「円安と株高の恩恵は庶民に届かない」「物価高と格差拡大への懸念」 - 円安進行下の株高に対する生活者の視点,10,https://news.yahoo.co.jp/articles/669316bb8fa8c7760169f775d8a6fda2bbaf65a8,1/14(水) 11:08
2026-01-15,09:36,business,経済,33,MONOist,ファンに愛され続けるため、ガンプラ材料は挑戦の連続,10,https://news.yahoo.co.jp/articles/a1864ad7d21e83789314f6eba9723c3f410d4dad,1/15(木) 7:00
2026-01-15,09:36,business,経済,34,週刊SPA!,スタバの店員の“声がけ”はノルマだった？「客に話しかける回数」が「評価項目になっている」という噂をスタバに問い合わせてみた,9,https://news.yahoo.co.jp/articles/0684f59cfed49c9cf66fdd15f762cfef8d6f3f17,1/15(木) 8:54
2026-01-15,09:36,business,経済,35,時事通信,円相場、159円19～20銭　14日正午現在,9,https://news.yahoo.co.jp/articles/6e6444110e3fc73466ba8e150ef24d71eeea87ad,1/14(水) 12:10
2026-01-15,09:36,business,経済,36,ベストカーWeb,スペック弱者の逆襲！　遅いのに“名車”と呼ばれたスポーツカーたち,9,https://news.yahoo.co.jp/articles/1b686b351ffa202cbd422be4bd5d9ba01383a0d8,1/14(水) 17:00
2026-01-15,09:36,business,経済,37,東洋経済オンライン,「実は小田急で首位」本厚木駅長が語る駅の一面 小田急線ユーザー以外知らない？乗降数は“他路線との乗り換えがない駅”で私鉄トップクラスの実力,9,https://news.yahoo.co.jp/articles/8beac21306cb3d3efa8b4ce4365e679b2ab726e5,1/15(木) 4:30
2026-01-15,09:36,business,経済,38,LIMO,精神障害者保健福祉手帳の所持者154万人超「1年で約10万人も増えている」受けられる支援と障がい者雇用の現状を現役FPが解説！,9,https://news.yahoo.co.jp/articles/a0dbf8c4c0269a6dbd029e84033f93c65f133143,1/14(水) 13:05
2026-01-15,09:36,business,経済,39,読売新聞オンライン,中国の貿易黒字額が２割増で初の１兆ドル突破…日本向け輸出は３・５％増、米国向け２０％減,8,https://news.yahoo.co.jp/articles/0440822a6352cce2aa4bd6d8ce127083ea2d0eae,1/15(木) 9:16
2026-01-15,09:36,business,経済,40,FNNプライムオンライン（フジテレビ系）,金価格が1グラム2万6000円を突破し最高値更新　原油価格も東京市場で中東産先物が2ヵ月ぶりの高水準　イラン情勢緊迫化のなか,8,https://news.yahoo.co.jp/articles/b31a06fe496a17ce8743eee29be526b7309de87f,1/14(水) 16:36
