scrp_date,scrp_time,genre_en,genre_jp,rank,media_jp,title,comment,link,date_original
2026-05-24,07:23,life,ライフ,1,FORZA STYLE,N/A,45,https://news.yahoo.co.jp/articles/3bb34b210cc4e69aeac3ad374460d42e728204e4,5/24(日) 6:54
2026-05-24,07:23,life,ライフ,2,ファイナンシャルフィールド,N/A,38,https://news.yahoo.co.jp/articles/ff0c8d277ce363552a16bbe619952386308bdf6a,5/23(土) 13:40
2026-05-24,07:23,life,ライフ,3,FORZA STYLE,N/A,35,https://news.yahoo.co.jp/articles/d09489cfb0f812444727d00f418dd5e9b3e2b2bc,5/23(土) 7:42
2026-05-24,07:23,life,ライフ,4,ピンズバNEWS,N/A,31,https://news.yahoo.co.jp/articles/8775da6a2860591ac55caf0206453cde6327ca89,5/24(日) 6:00
2026-05-24,07:23,life,ライフ,5,AERA DIGITAL,N/A,28,https://news.yahoo.co.jp/articles/dd4f65dae1f61452ed226eac31c9664f992c65b9,5/23(土) 11:00
2026-05-24,07:23,life,ライフ,6,FNNプライムオンライン,N/A,25,https://news.yahoo.co.jp/articles/8d23bebc5a3b13a72b8337178e79e0b375ffddd7,5/23(土) 19:00
2026-05-24,07:23,life,ライフ,7,オリコン,N/A,20,https://news.yahoo.co.jp/articles/586c2ab3e62f3a3808b367913b2e604929cb2804,5/24(日) 6:20
2026-05-24,07:23,life,ライフ,8,＠ＤＩＭＥ,N/A,20,https://news.yahoo.co.jp/articles/e880944259eef29a147747ea5881a4d46de321b2,5/23(土) 21:40
2026-05-24,07:23,life,ライフ,9,FORZA STYLE,N/A,20,https://news.yahoo.co.jp/articles/b0ff3330a478cd9fc4ae90d83e497f017fb6ae56,5/23(土) 20:06
2026-05-24,07:23,life,ライフ,10,LIMO,N/A,18,https://news.yahoo.co.jp/articles/e7851bf6493b47c670721402f1a3cc342745a0c4,5/24(日) 5:20
2026-05-24,07:23,life,ライフ,11,FORZA STYLE,N/A,18,https://news.yahoo.co.jp/articles/962d2e6b8803e447a0c73192c855df69f4e7559c,5/23(土) 20:33
2026-05-24,07:23,life,ライフ,12,THE GOLD ONLINE（ゴールドオンライン）,N/A,16,https://news.yahoo.co.jp/articles/bc87d0374dfe2bbcf250abac0f5713fcf53f1310,5/24(日) 5:00
2026-05-24,07:23,life,ライフ,13,文春オンライン,N/A,14,https://news.yahoo.co.jp/articles/87ba3877eecdf45d12f7bb3f2d7ac2a6bbfee08a,5/24(日) 6:00
2026-05-24,07:23,life,ライフ,14,Harper’s BAZAAR（ハーパーズ バザー）,N/A,13,https://news.yahoo.co.jp/articles/535761f7688f26e67959db3b4472cc8cf7041c2c,5/23(土) 21:20
2026-05-24,07:23,life,ライフ,15,FNNプライムオンライン,N/A,13,https://news.yahoo.co.jp/articles/b27a34356b2b4ab9f12554dd841e46e79724b391,5/24(日) 6:01
2026-05-24,07:23,life,ライフ,16,LIMO,N/A,13,https://news.yahoo.co.jp/articles/5e4d8643e13d0ec91abe575e7b968c61fd2a0ea2,5/23(土) 19:35
2026-05-24,07:23,life,ライフ,17,THE GOLD ONLINE（ゴールドオンライン）,N/A,11,https://news.yahoo.co.jp/articles/d8743932c99fcf190b7baf91ea9ee390af74985f,5/23(土) 8:00
2026-05-24,07:23,life,ライフ,18,ねとらぼ,N/A,11,https://news.yahoo.co.jp/articles/51f564be13f699a6faac66912c9a8424d443c386,5/23(土) 21:00
2026-05-24,07:23,life,ライフ,19,週刊女性PRIME,N/A,11,https://news.yahoo.co.jp/articles/de46152a59e3fc181967a40e54f7357be2a11d16,5/23(土) 17:00
2026-05-24,07:23,life,ライフ,20,ウィメンズヘルス,N/A,10,https://news.yahoo.co.jp/articles/62716570824d87a7c0487ee906bbf0e3881bb5ac,5/23(土) 19:04
2026-05-24,07:23,life,ライフ,21,Hint-Pot,N/A,10,https://news.yahoo.co.jp/articles/3be39783c95f3b638c8dda4dbabeaf28912331d8,5/23(土) 11:14
2026-05-24,07:23,life,ライフ,22,ねとらぼ,N/A,9,https://news.yahoo.co.jp/articles/caa6d6488be8faf7133a101cc196fbebc7679e32,5/24(日) 6:30
2026-05-24,07:23,life,ライフ,23,ダイヤモンド・オンライン,N/A,9,https://news.yahoo.co.jp/articles/689b95b8f02d203ee25d1e0e362a096931897c2c,5/24(日) 6:45
2026-05-24,07:23,life,ライフ,24,共同通信,N/A,9,https://news.yahoo.co.jp/articles/ddf1b7524ffd9c17c31503a86c0f4d0d37259dbf,5/24(日) 4:13
2026-05-24,07:23,life,ライフ,25,ねとらぼ,N/A,9,https://news.yahoo.co.jp/articles/7ad98e2ba25394625137187060d0717ddfa5bca8,5/23(土) 19:25
2026-05-24,07:23,life,ライフ,26,ファイナンシャルフィールド,N/A,9,https://news.yahoo.co.jp/articles/31d8f1075aa91fffb535a40f1dddc554d412b76b,5/23(土) 9:40
2026-05-24,07:23,life,ライフ,27,FORZA STYLE,N/A,8,https://news.yahoo.co.jp/articles/9599a703c3e6eafcdece947940d7846f845cbe0c,5/24(日) 7:03
2026-05-24,07:23,life,ライフ,28,ほ・とせなNEWS,N/A,8,https://news.yahoo.co.jp/articles/d20072111bd362879b3a23665d2667a6cfed1a70,5/23(土) 18:24
2026-05-24,07:23,life,ライフ,29,HALMEK up,N/A,8,https://news.yahoo.co.jp/articles/da73184a0f8d1e99a944e5487924f5a499bf03b1,5/23(土) 20:35
2026-05-24,07:23,life,ライフ,30,Hint-Pot,N/A,7,https://news.yahoo.co.jp/articles/29489d76511389f13ad1d5b09d241cd4818a18dd,5/24(日) 5:50
2026-05-24,07:23,life,ライフ,31,サライ.jp,N/A,7,https://news.yahoo.co.jp/articles/55f36471ac0aa39f7953864927b82adb8f423fdd,5/24(日) 6:00
2026-05-24,07:23,life,ライフ,32,ねとらぼ,N/A,7,https://news.yahoo.co.jp/articles/45dd3f92ab629480ae6dbc6b5f247fa9490fa233,5/23(土) 20:30
2026-05-24,07:23,life,ライフ,33,ほ・とせなNEWS,N/A,7,https://news.yahoo.co.jp/articles/9fd07436bfa8b8dbbc935daef56286fee10956e4,5/23(土) 13:45
2026-05-24,07:23,life,ライフ,34,ねとらぼ,N/A,7,https://news.yahoo.co.jp/articles/d1b6c6e3078689cb2a9cb5fce6bfed054cbef31c,5/23(土) 21:30
2026-05-24,07:23,life,ライフ,35,Hint-Pot,N/A,7,https://news.yahoo.co.jp/articles/dd665677280dec6c5248ac3ee7bc8d4c142f7e1b,5/23(土) 14:28
2026-05-24,07:23,life,ライフ,36,マイナビニュース,N/A,7,https://news.yahoo.co.jp/articles/7495fba3fec626b6ea80f9dc81c0341ede698bfb,5/23(土) 11:31
2026-05-24,07:23,life,ライフ,37,産経新聞,N/A,7,https://news.yahoo.co.jp/articles/922790a295f00c75914332f6a9f9a6462786518f,5/23(土) 13:10
2026-05-24,07:23,life,ライフ,38,THE GOLD ONLINE（ゴールドオンライン）,N/A,7,https://news.yahoo.co.jp/articles/3a5a50e58be02171136b4946137b803e9d6dd2f3,5/23(土) 9:00
2026-05-24,07:23,life,ライフ,39,ENGINE WEB,N/A,6,https://news.yahoo.co.jp/articles/492759683d3ab40c1e473fc0413dd152fee06ba8,5/24(日) 6:00
2026-05-24,07:23,life,ライフ,40,ねとらぼ,N/A,6,https://news.yahoo.co.jp/articles/e2ec4dbd18dfe7d04c7b56bae3b84de760f2dfcf,5/23(土) 20:30
