scrp_date,scrp_time,genre_en,genre_jp,rank,media_jp,title,comment,link,date_original
2026-04-30,00:46,life,ライフ,1,東洋経済オンライン,N/A,59,https://news.yahoo.co.jp/articles/680f4f0d27d7fa8fef74bff323cf461fe6c85f49,4/29(水) 7:16
2026-04-30,00:46,life,ライフ,2,FORZA STYLE,N/A,58,https://news.yahoo.co.jp/articles/4fa0b087b2b7e6d034c15fbb3078ce7aabf8a102,4/29(水) 20:30
2026-04-30,00:46,life,ライフ,3,THE GOLD ONLINE（ゴールドオンライン）,N/A,40,https://news.yahoo.co.jp/articles/18d648da7ba1f208800089f9ece7dce6c2e34da0,4/29(水) 9:00
2026-04-30,00:46,life,ライフ,4,CHANTO WEB,N/A,39,https://news.yahoo.co.jp/articles/dbbf7ae898b43fa60a0c5d38325ee9633f19c625,4/29(水) 20:00
2026-04-30,00:46,life,ライフ,5,ファイナンシャルフィールド,N/A,28,https://news.yahoo.co.jp/articles/bc43f60f17f561564a4d8a892214e2455c1fd4ea,4/29(水) 13:50
2026-04-30,00:46,life,ライフ,6,プレジデントオンライン,N/A,25,https://news.yahoo.co.jp/articles/a701312d0623dc73b40a606d9a484487953c0bd2,4/29(水) 18:15
2026-04-30,00:46,life,ライフ,7,LIMO,N/A,23,https://news.yahoo.co.jp/articles/b2ee030ba1a3119ad30d33ce4be1aa08bd2bd5e7,4/29(水) 17:56
2026-04-30,00:46,life,ライフ,8,Hint-Pot,N/A,22,https://news.yahoo.co.jp/articles/0278f22f5f9b9795dbfb864268adcc4ccdda0bee,4/29(水) 14:58
2026-04-30,00:46,life,ライフ,9,プレジデントオンライン,N/A,22,https://news.yahoo.co.jp/articles/f3cfef6d76f34a2f13f44f056f7bab8ffd0e427e,4/29(水) 8:15
2026-04-30,00:46,life,ライフ,10,Harper’s BAZAAR（ハーパーズ バザー）,N/A,22,https://news.yahoo.co.jp/articles/cec875cbc91c5a08e66a7ae2aa872308708cb587,4/29(水) 20:20
2026-04-30,00:46,life,ライフ,11,THE GOLD ONLINE（ゴールドオンライン）,N/A,21,https://news.yahoo.co.jp/articles/aef5d891e897ca690aec6d95c4123343a6ee1009,4/29(水) 5:00
2026-04-30,00:46,life,ライフ,12,ねとらぼ,N/A,20,https://news.yahoo.co.jp/articles/875c3d0ef16b8ec66bf23ae571e6a5138ed23e58,4/29(水) 20:00
2026-04-30,00:46,life,ライフ,13,THE GOLD ONLINE（ゴールドオンライン）,N/A,20,https://news.yahoo.co.jp/articles/77958ca4a9992e6ba131b6c88f061f51dc673d86,4/29(水) 7:00
2026-04-30,00:46,life,ライフ,14,ねとらぼ,N/A,17,https://news.yahoo.co.jp/articles/77385c85f61d75a7d2e9a535576add4cb44b09df,4/29(水) 21:00
2026-04-30,00:46,life,ライフ,15,ねとらぼ,N/A,16,https://news.yahoo.co.jp/articles/be042c48dff76426ecbcaa823d975d839545e8c8,4/29(水) 20:20
2026-04-30,00:46,life,ライフ,16,ENCOUNT,N/A,16,https://news.yahoo.co.jp/articles/78a81ef3c9686d01cd8e3605d868c9494f13db92,4/29(水) 9:20
2026-04-30,00:46,life,ライフ,17,ねとらぼ,N/A,15,https://news.yahoo.co.jp/articles/2fd67446f00bc3b3c028f264900d922753ab7a71,4/29(水) 19:00
2026-04-30,00:46,life,ライフ,18,ねとらぼ,N/A,15,https://news.yahoo.co.jp/articles/05e436d3588cc03bea26d0f7e647f78afee02931,4/29(水) 20:00
2026-04-30,00:46,life,ライフ,19,クーリエ・ジャポン,N/A,14,https://news.yahoo.co.jp/articles/f92bdec5727c8befc567b20cd100f31cf2edff9a,4/29(水) 18:00
2026-04-30,00:46,life,ライフ,20,ABCニュース,N/A,14,https://news.yahoo.co.jp/articles/5cd38b1039bce85a26b4d449e13c06d9b77f8092,4/29(水) 20:37
2026-04-30,00:46,life,ライフ,21,FORZA STYLE,N/A,12,https://news.yahoo.co.jp/articles/5b234f76f09ec4004ef2020b14c4df1328cf3fe5,4/29(水) 7:03
2026-04-30,00:46,life,ライフ,22,ハフポスト日本版,N/A,12,https://news.yahoo.co.jp/articles/135b0564c39cbf0deaf7b122eb9c5f91184e8091,4/29(水) 7:00
2026-04-30,00:46,life,ライフ,23,THE GOLD ONLINE（ゴールドオンライン）,N/A,12,https://news.yahoo.co.jp/articles/6b5deb97c0cea52a13ef7bd2b77a1b49f69898f6,4/29(水) 11:00
2026-04-30,00:46,life,ライフ,24,FORZA STYLE,N/A,12,https://news.yahoo.co.jp/articles/ce2c76b0b33a5bd36e3a66f680692322b5f1d15b,4/29(水) 6:57
2026-04-30,00:46,life,ライフ,25,ピンズバNEWS,N/A,12,https://news.yahoo.co.jp/articles/33ab45034ffb2e184e7b400c67adcec0e2468aa9,4/29(水) 7:00
2026-04-30,00:46,life,ライフ,26,まいどなニュース,N/A,11,https://news.yahoo.co.jp/articles/b2ec4f477a56e275ac3124ca8ea076ec89634fb6,4/29(水) 19:00
2026-04-30,00:46,life,ライフ,27,ねとらぼ,N/A,11,https://news.yahoo.co.jp/articles/8074a2efb0cb335ffea2b6f96c4520b4538d9829,4/29(水) 21:30
2026-04-30,00:46,life,ライフ,28,Hint-Pot,N/A,10,https://news.yahoo.co.jp/articles/27ed4c99a19e8bbb2b00c39eeb5911d5743951d8,4/29(水) 13:30
2026-04-30,00:46,life,ライフ,29,ねとらぼ,N/A,10,https://news.yahoo.co.jp/articles/b05df499b3771ebea213d82bc2b9f531831a0f13,4/29(水) 11:30
2026-04-30,00:46,life,ライフ,30,Harper’s BAZAAR（ハーパーズ バザー）,N/A,10,https://news.yahoo.co.jp/articles/f80c53525f38b4f12dfb4d3851d4b257b777791f,4/29(水) 21:20
2026-04-30,00:46,life,ライフ,31,ねとらぼ,N/A,10,https://news.yahoo.co.jp/articles/8918e9f95e2785739a0573fe6d2ea1da9b1d0f01,4/29(水) 20:30
2026-04-30,00:46,life,ライフ,32,オトナンサー,N/A,10,https://news.yahoo.co.jp/articles/83ad2cbbe7d9d489005073352ea06f5705c4fff1,4/29(水) 20:15
2026-04-30,00:46,life,ライフ,33,ヨガジャーナルオンライン,N/A,10,https://news.yahoo.co.jp/articles/53a88b7884d9c569ebf373b22a0cbf4af561f773,4/29(水) 21:25
2026-04-30,00:46,life,ライフ,34,LIMO,N/A,10,https://news.yahoo.co.jp/articles/ac77f256455abcb996c2e1c2f25e933d37a31104,4/29(水) 17:41
2026-04-30,00:46,life,ライフ,35,プレジデントオンライン,N/A,9,https://news.yahoo.co.jp/articles/9cfa6c9a19b340b88286ac9fb48d81be437acbf9,4/29(水) 17:45
2026-04-30,00:46,life,ライフ,36,AERA with Kids＋,N/A,9,https://news.yahoo.co.jp/articles/1e64bdda849a4361780af404810e3db0e390481b,4/29(水) 11:30
2026-04-30,00:46,life,ライフ,37,ファイナンシャルフィールド,N/A,9,https://news.yahoo.co.jp/articles/fa90b0e912d8f8504739746772ab01adf6be4c50,4/29(水) 14:50
2026-04-30,00:46,life,ライフ,38,THE GOLD ONLINE（ゴールドオンライン）,N/A,8,https://news.yahoo.co.jp/articles/0bf4f26cf8361854dafc4b3809fc13e68f14cd69,4/29(水) 10:00
2026-04-30,00:46,life,ライフ,39,ねとらぼ,N/A,8,https://news.yahoo.co.jp/articles/1f970d88bbc2454b9230c1cde9302c0de47d1254,4/29(水) 22:00
2026-04-30,00:46,life,ライフ,40,プレジデントオンライン,N/A,8,https://news.yahoo.co.jp/articles/6d7b7d864e92adb99266eedb640bc337c7e12926,4/29(水) 16:15
