scrp_date,scrp_time,genre_en,genre_jp,rank,media_jp,title,comment,link,date_original
2024-03-17,01:20,business,経済,1,テレビ朝日系（ANN）,日銀マイナス金利政策解除か…生活や給料への影響は？,83,https://news.yahoo.co.jp/articles/ceac6dff06cf65c8533dd7bc7224e6dad05c004e,3/16(土) 22:30
2024-03-17,01:20,business,経済,2,くるまのニュース,前走車の「エンジンブレーキ」は“ウザい”？ AT全盛で知らない人多い!? 逆に「エンブレ」使わない方が危険なワケ,66,https://news.yahoo.co.jp/articles/695450f84ae44a67b9a63c79ab8aed704440fc5b,3/16(土) 14:10
2024-03-17,01:20,business,経済,3,ダイヤモンド・オンライン,「日本はしょせんアニメとゴジラだけ」アカデミー賞での快挙さえ邪推してしまう、アジア系差別騒動の根深さ,66,https://news.yahoo.co.jp/articles/f2ddf6819726ac65160a6ee3fb89da98e98804d9,3/16(土) 12:02
2024-03-17,01:20,business,経済,4,共同通信,NTT社長、地方切り捨て誤解　固定電話の提供義務見直し巡り,62,https://news.yahoo.co.jp/articles/04e6b9488d44de48ace61f405428fc8480fa9420,3/16(土) 15:37
2024-03-17,01:20,business,経済,5,乗りものニュース,なぜ「8」のナンバープレートをつけたがる？ 「…8」や「8888」 人気の理由は何なのか,61,https://news.yahoo.co.jp/articles/2bdf4c92f45f05cee0e19e093b042e49154089ba,3/16(土) 14:12
2024-03-17,01:20,business,経済,6,THE GOLD ONLINE（ゴールドオンライン）,50年後の日本の姿に愕然…世界4位の〈日本のGDP〉は2075年「まさかの順位」に,48,https://news.yahoo.co.jp/articles/a46bfa1589da09b3d407770c0a1e6255b8bc883a,3/16(土) 12:02
2024-03-17,01:20,business,経済,7,WEB CARTOP,「輸入車は壊れて当然」のイメージは日本固有のもの！　日本はクルマにとってキツイ環境だった,43,https://news.yahoo.co.jp/articles/37bc6ce341162fbca34e071ee82ab985e355b445,3/16(土) 11:50
2024-03-17,01:20,business,経済,8,読売新聞オンライン,輸出先を失った台湾産パイナップル、「応援購入」した日本で定着…シェア１％から９％に,31,https://news.yahoo.co.jp/articles/52800f97ec0258d2406424d338e52f6b04298890,3/16(土) 13:00
2024-03-17,01:20,business,経済,9,毎日新聞,マイナス金利解除でも「日銀の追加利上げ」が遠のくワケ,28,https://news.yahoo.co.jp/articles/623b373349dba37482d8fca3ee60009214985518,3/16(土) 9:30
2024-03-17,01:20,business,経済,10,現代ビジネス,進学のタイミングで若者がいなくなる「100万都市」の現実,28,https://news.yahoo.co.jp/articles/00d7ab62d94b81af751f5c2fd236564e818f9b52,3/16(土) 11:03
2024-03-17,01:20,business,経済,11,ダイヤモンド・オンライン,“無人コンビニ”が普及しないお寒い実情…「革命が起きる」が大誤算だったワケ,27,https://news.yahoo.co.jp/articles/627ac83490d8019b482a1aa77245bd946f0288c8,3/16(土) 7:02
2024-03-17,01:20,business,経済,12,ベストカーWeb,マジで国宝級じゃね? 見てるだけでご飯3杯イケちゃうマツダ3ファストバックはカッコよすぎ!!,24,https://news.yahoo.co.jp/articles/da62b12116451cdca555b9de668fae2aae7b362f,3/16(土) 20:00
2024-03-17,01:20,business,経済,13,日刊ゲンダイDIGITAL,世耕弘成氏は政倫審でも他人に激辛、自分に大甘…“ウソつき見本市”の特大ブーメラン語録,20,https://news.yahoo.co.jp/articles/efddd74bfb3f1840a5018835b320956dcfd18471,3/16(土) 11:26
2024-03-17,01:20,business,経済,14,WEB CARTOP,何もないのにどうしてブレーキを踏むんだ！　法規を守っていれば何の問題もない高速道路の「ビビリポイント」,20,https://news.yahoo.co.jp/articles/7e8ab0d6b23cb59feb473d69eb40090705b1af55,3/16(土) 17:30
2024-03-17,01:20,business,経済,15,東洋経済オンライン,33年ぶり5％超でも「賃上げ一色」はまだ遠い、春闘を受けて注目が高まる日銀マイナス金利解除の行方,18,https://news.yahoo.co.jp/articles/b686c8ee1994e5c4204ecf6bf8a9af6c283deaf7,3/16(土) 6:02
2024-03-17,01:20,business,経済,16,東洋経済オンライン,北陸新幹線、敦賀延伸開業が生む「直通と分断」 福井県が東京と直結、関西へは乗り換え必須,16,https://news.yahoo.co.jp/articles/bab23c1605f8eb668e18aa36b4601fc847da5027,3/16(土) 6:21
2024-03-17,01:20,business,経済,17,プレジデントオンライン,なぜ「1500円の高級ラーメン」より「700円の町中華」のほうが儲かるのか…利益を左右する意外な商品の名前,15,https://news.yahoo.co.jp/articles/9877f4e75aa45b1f6b742db707fada1bb65afea8,3/16(土) 12:17
2024-03-17,01:20,business,経済,18,ABEMA TIMES,辛坊治郎氏「医療費は3割負担だし、年金はまだ1円ももらっていない」 橋下徹氏「みんながそうなれば日本は健全化する」,13,https://news.yahoo.co.jp/articles/a4d812c3340af1b3a98e9de992e9ff55de1b8e9a,3/16(土) 11:32
2024-03-17,01:20,business,経済,19,みんかぶマガジン,いよいよ限界と感じた…資産20億87歳現役デイトレーダー「脳梗塞で救急搬送」 日経平均株価最高更新の瞬間見れず,12,https://news.yahoo.co.jp/articles/5b8ee33b521ecbc82db096b823c2b8c1e6f0c326,3/16(土) 17:10
2024-03-17,01:20,business,経済,20,ベストカーWeb,プリウスとインプレッサG4は「同じ」!? 小変更激増、パーツ集約化…… クルマのパソコン化が進んでないか?,12,https://news.yahoo.co.jp/articles/57bc98bf3f9b0aad2ad2cd4b8196f32f10faba7e,3/16(土) 21:00
2024-03-17,01:20,business,経済,21,マネーポストWEB,「そんなの教えられないよ…」　小学生が「大谷翔平みたいなスイーパー投げたい！」で学童野球指導者困惑、ネット情報に振り回される“お父さんコーチ”の受難,12,https://news.yahoo.co.jp/articles/6d9b84c0265c68cc0e4ec86fb766e27c2a3b1d82,3/16(土) 16:15
2024-03-17,01:20,business,経済,22,共同通信,バフェット氏、株高に警鐘　投資の神様「カジノの様相」,12,https://news.yahoo.co.jp/articles/009035167a68bb4a1ffa477cb000371db6432edf,3/16(土) 15:02
2024-03-17,01:20,business,経済,23,バイクのニュース,昔はバイクに乗っちゃダメだった!? 今ではほとんど見ない「三ない運動」なぜおこなわれていた？,11,https://news.yahoo.co.jp/articles/6f4fce108a9584f19225531b52113dad892f3903,3/16(土) 13:10
2024-03-17,01:20,business,経済,24,ファイナンシャルフィールド,車は「5年」で買い替えるべき？ 故障するまで乗り続けるほうが「コスパ」はいいの？ 買い替えタイミングごとの総額を比較,10,https://news.yahoo.co.jp/articles/d3a23755bb6cbd5b9c41b5d976838a4d3e9eec97,3/16(土) 11:20
2024-03-17,01:20,business,経済,25,現代ビジネス,就活の「ガクチカ」は「無意味だ」「日本を滅ぼす」…！ ChatGPT時代に「エントリーシート」「ガクチカ」が“まったく無意味”なワケ,10,https://news.yahoo.co.jp/articles/1697486aef2d42d55f5311ef2b9d044bce95977a,3/16(土) 7:33
2024-03-17,01:20,business,経済,26,産経新聞,生成ＡＩとみられる女性の「扇情動画」乱立　再生回数稼ぎ、収益目的も背景か,10,https://news.yahoo.co.jp/articles/48f4cd2cc1df2bfe3b6ef03ea06c7c85a3025b8d,3/16(土) 19:21
2024-03-17,01:20,business,経済,27,読売新聞オンライン,初任給アップ相次ぐ…優秀な人材獲得を図る企業が愛媛でも増加,9,https://news.yahoo.co.jp/articles/c12d9dab82e885c78824195c1bc2291ab916d9fe,3/16(土) 17:01
2024-03-17,01:20,business,経済,28,乗りものニュース,「青じゃダメなんですか!？」 赤信号のまま「←」「↑」「→」の矢印信号、なぜ発生？ 青より有効なケースとは,9,https://news.yahoo.co.jp/articles/d55cc248b08f35661d7fea842abb3a998922fb65,3/16(土) 16:12
2024-03-17,01:20,business,経済,29,ニッポン放送,ズルズル続くガソリン、電気、ガス代補助「市場の価格メカニズムに任せる政策へ転換を」石川和男が指摘,9,https://news.yahoo.co.jp/articles/73a1a858b3b95cffc0db48995ade33ecb6b9b76a,3/16(土) 17:50
2024-03-17,01:20,business,経済,30,乗りものニュース,やっぱ北陸新幹線？「東京―福井」東海道新幹線とドッチがいい？ 価格/時間/使い勝手で互角…と思いきや、福井県が神の手を！,9,https://news.yahoo.co.jp/articles/6921a42334c3dddc6a9817e124ed3f9d5b2f799c,3/16(土) 15:12
2024-03-17,01:20,business,経済,31,産経新聞,北陸新幹線延伸開業　経済効果は石川・福井で計５８８億円も　人流維持が今後の課題,9,https://news.yahoo.co.jp/articles/c0afbd9dd118c615a3d97560b1f2d458d0862cb7,3/16(土) 17:15
2024-03-17,01:20,business,経済,32,MotorFan,ホンダ人気のコンパクトミニバン「フリード」ついに世代交代へ！5ナンバー維持しつつボディ拡大,8,https://news.yahoo.co.jp/articles/c52d062ee1d80c3ddde44971611691b8582da78f,3/16(土) 14:12
2024-03-17,01:20,business,経済,33,ベストカーWeb,言われてみれば確かに謎!? よく見る「赤ちゃんが乗っています」のステッカーって必ず付けないとダメなん? 教えてセンセー,8,https://news.yahoo.co.jp/articles/aca981d4e38a7947dd1ec32d50957a875118e423,3/16(土) 7:00
2024-03-17,01:20,business,経済,34,くるまのニュース,え！ 高速道「東京-大阪」が“約50分”短縮!? 青森から鹿児島なら3時間も？ 最高速度引き上げの夢広がる,8,https://news.yahoo.co.jp/articles/541b0476f42c9055f115a4fdb4aace2c84650409,3/16(土) 7:10
2024-03-17,01:20,business,経済,35,ベストカーWeb,カッコいいけど使いづらい? やっぱ物理スイッチが最高? 欧州機関がクルマのタッチ操作に関する対策を発表!,8,https://news.yahoo.co.jp/articles/50db9275312ecbee5775521efeae57500dde1a31,3/16(土) 6:00
2024-03-17,01:20,business,経済,36,現代ビジネス,意外と知らない、「札幌」で何が起きているのか…「200万都市」実現の「大きな壁」,8,https://news.yahoo.co.jp/articles/1caccbc750682014fafc0709b24f2127dbee2ab5,3/16(土) 9:03
2024-03-17,01:20,business,経済,37,ABEMA TIMES,「“満額”と出る度に背筋が寒くなった」「人件費の転嫁は理解されない」 大企業の賃上げの波は下請けまで届かない？,8,https://news.yahoo.co.jp/articles/b475c339048e0c05903174777186b5a7ba85cd85,3/16(土) 11:56
2024-03-17,01:20,business,経済,38,鉄道コム,ダイヤ改正で「超短距離特急」誕生！　韋駄天ぶりも特徴、たった30分で終点に到着,8,https://news.yahoo.co.jp/articles/5d4c2694f697a375ac1e566f88970c2bbbd02c37,3/16(土) 10:35
2024-03-17,01:20,business,経済,39,Merkmal,なぜ岩手県は優秀な人材を輩出し続けるのか？ 大谷翔平を育んだ「旧水沢市」で考える,8,https://news.yahoo.co.jp/articles/5f8cdc5fccb2d05dd794be7d2bd274034e8da3af,3/16(土) 17:31
2024-03-17,01:20,business,経済,40,ITmedia ビジネスオンライン,タニタ3代目が明かす“幹部との全面対決”　組織改革したくば、まず味方を探せ,7,https://news.yahoo.co.jp/articles/23e8247c54fe07d61de0520487e0058907425d83,3/16(土) 18:47
