scrp_date,scrp_time,genre_en,genre_jp,rank,media_jp,title,comment,link,date_original
2026-03-13,14:27,sports,スポーツ,1,フットボールチャンネル,N/A,217,https://news.yahoo.co.jp/articles/911e4bd79950d4d54a93c5ca294e337c6eeecd9a,3/13(金) 10:59
2026-03-13,14:27,sports,スポーツ,2,Full-Count,N/A,149,https://news.yahoo.co.jp/articles/dce446697f03d27f3185534a2b6ce1d46f2c3f74,3/13(金) 8:40
2026-03-13,14:27,sports,スポーツ,3,共同通信,N/A,91,https://news.yahoo.co.jp/articles/9ebc2b8a78daf7cd97df49456ac7f9f04969bc6b,3/13(金) 5:54
2026-03-13,14:27,sports,スポーツ,4,デイリー新潮,N/A,84,https://news.yahoo.co.jp/articles/1a1fbf1a0d1dff4f0a5dea11b4e58697b6154eca,3/13(金) 6:01
2026-03-13,14:27,sports,スポーツ,5,東スポWEB,N/A,83,https://news.yahoo.co.jp/articles/e34a5e17e82e2104b88237a9bee7563749eb91b1,3/13(金) 10:20
2026-03-13,14:27,sports,スポーツ,6,Full-Count,N/A,72,https://news.yahoo.co.jp/articles/925207dde2af58d038c1b20b77202c09d593a89d,3/13(金) 2:15
2026-03-13,14:27,sports,スポーツ,7,Full-Count,N/A,69,https://news.yahoo.co.jp/articles/5757013f9f1d026adf473c1ab45b9eee62dd8183,3/13(金) 10:01
2026-03-13,14:27,sports,スポーツ,8,東スポWEB,N/A,55,https://news.yahoo.co.jp/articles/9e4751b8d273725822c2451c11153067ef666933,3/13(金) 11:40
2026-03-13,14:27,sports,スポーツ,9,日刊スポーツ,N/A,55,https://news.yahoo.co.jp/articles/10d090f57b1c49d78fe474f510e77d1fb2c95715,3/13(金) 9:43
2026-03-13,14:27,sports,スポーツ,10,日刊スポーツ,N/A,53,https://news.yahoo.co.jp/articles/c9f136cde6f20c159d11bd9cc7770379783f505d,3/13(金) 12:23
2026-03-13,14:27,sports,スポーツ,11,NEWSポストセブン,N/A,46,https://news.yahoo.co.jp/articles/53dada13aa97c32c8e6fa9b898195bab8d0f5903,3/13(金) 7:15
2026-03-13,14:27,sports,スポーツ,12,CoCoKARAnext,N/A,44,https://news.yahoo.co.jp/articles/d65fe6f106d77088a107ba9530f975034e477cf5,3/13(金) 12:06
2026-03-13,14:27,sports,スポーツ,13,高校野球ドットコム,N/A,43,https://news.yahoo.co.jp/articles/c2dc813a13f5f3a7d032a8946a7434fa355c2c99,3/13(金) 11:55
2026-03-13,14:27,sports,スポーツ,14,THE ANSWER,N/A,41,https://news.yahoo.co.jp/articles/9b1a86a35e52339deb270412ae200497ac752f0f,3/13(金) 12:33
2026-03-13,14:27,sports,スポーツ,15,サンケイスポーツ,N/A,40,https://news.yahoo.co.jp/articles/7ef2944b397250ed6c5333b5c0598a902842922d,3/13(金) 3:24
2026-03-13,14:27,sports,スポーツ,16,スポーツ報知,N/A,36,https://news.yahoo.co.jp/articles/ffe51415abdaa59166b7aed3180f3ac76ada12e2,3/13(金) 8:54
2026-03-13,14:27,sports,スポーツ,17,東スポWEB,N/A,35,https://news.yahoo.co.jp/articles/023cf31df3b455169615176e98aa0a8344c52c9f,3/13(金) 5:15
2026-03-13,14:27,sports,スポーツ,18,サッカーキング,N/A,32,https://news.yahoo.co.jp/articles/0c2cff973972bf119b3d7d70d2973d26b8adbfe9,3/13(金) 12:20
2026-03-13,14:27,sports,スポーツ,19,CoCoKARAnext,N/A,31,https://news.yahoo.co.jp/articles/c916befa1e02cd7748ff3a8a967fee28c627ea19,3/13(金) 10:58
2026-03-13,14:27,sports,スポーツ,20,スポーツ報知,N/A,30,https://news.yahoo.co.jp/articles/c5c87841ed66e9448b25736e5a8ac198e4308950,3/12(木) 23:19
2026-03-13,14:27,sports,スポーツ,21,週刊ベースボールONLINE,N/A,30,https://news.yahoo.co.jp/articles/06f5cf5f8801c06d035e8daa197df8472710a2a3,3/13(金) 11:00
2026-03-13,14:27,sports,スポーツ,22,THE DIGEST,N/A,29,https://news.yahoo.co.jp/articles/692321c4e414f45f5215b24b13e5cdc995d8161b,3/13(金) 4:27
2026-03-13,14:27,sports,スポーツ,23,Full-Count,N/A,28,https://news.yahoo.co.jp/articles/f7cd990faecf459c2f9ea2704e63dd7a92980c38,3/13(金) 13:35
2026-03-13,14:27,sports,スポーツ,24,スポーツ報知,N/A,28,https://news.yahoo.co.jp/articles/751ae3bf18bd1c3c2e616ba733d360fa66f8b6de,3/13(金) 8:09
2026-03-13,14:27,sports,スポーツ,25,THE ANSWER,N/A,26,https://news.yahoo.co.jp/articles/d9ef1e712b7c2e32b6088767ee5c6f7a83e17cc9,3/13(金) 8:13
2026-03-13,14:27,sports,スポーツ,26,THE ANSWER,N/A,26,https://news.yahoo.co.jp/articles/4489bc7a13a7813238051187e743c3815e5ace7b,3/13(金) 11:03
2026-03-13,14:27,sports,スポーツ,27,TopNews,N/A,26,https://news.yahoo.co.jp/articles/5af3a512ea45e747d137fb5676868e2fcec253b8,3/13(金) 8:47
2026-03-13,14:27,sports,スポーツ,28,スポニチアネックス,N/A,24,https://news.yahoo.co.jp/articles/470233371f486ef56c9bfca80bacd8cae4cbdea1,3/13(金) 12:09
2026-03-13,14:27,sports,スポーツ,29,東スポWEB,N/A,24,https://news.yahoo.co.jp/articles/6ac678a75da48c710402e9df102c9338825ad4fc,3/13(金) 5:15
2026-03-13,14:27,sports,スポーツ,30,CoCoKARAnext,N/A,24,https://news.yahoo.co.jp/articles/13f7980aad42d9718892897ef42b6f5e49fa5ca8,3/13(金) 5:10
2026-03-13,14:27,sports,スポーツ,31,Full-Count,N/A,23,https://news.yahoo.co.jp/articles/0161ad99321ffb8645370b238772023636469c20,3/13(金) 7:23
2026-03-13,14:27,sports,スポーツ,32,スポニチアネックス,N/A,23,https://news.yahoo.co.jp/articles/cae5c0f86aaa3e576b79dfc779dc0d1000b39361,3/13(金) 9:28
2026-03-13,14:27,sports,スポーツ,33,RONSPO,N/A,23,https://news.yahoo.co.jp/articles/cb6f4dc988a36aa36c9fd644f107d5816771ed68,3/13(金) 5:51
2026-03-13,14:27,sports,スポーツ,34,サンケイスポーツ,N/A,22,https://news.yahoo.co.jp/articles/11a244a7d5f3d6e7b09ea0b5745e99ea2ea64263,3/13(金) 8:29
2026-03-13,14:27,sports,スポーツ,35,東スポWEB,N/A,22,https://news.yahoo.co.jp/articles/964da920b59bd0c796476342fee7771ed2e71bd5,3/13(金) 11:25
2026-03-13,14:27,sports,スポーツ,36,スポーツ報知,N/A,22,https://news.yahoo.co.jp/articles/15addf2d37af2cab95fa9eb857d10099bd2bff13,3/13(金) 13:21
2026-03-13,14:27,sports,スポーツ,37,イーファイト,N/A,21,https://news.yahoo.co.jp/articles/a418b34047e870e06509e0a407ffe3e100c82161,3/13(金) 12:27
2026-03-13,14:27,sports,スポーツ,38,日テレNEWS NNN,N/A,20,https://news.yahoo.co.jp/articles/5023ebdddb7dd66bd2b62405d9e8d24afd5a485c,3/13(金) 12:30
2026-03-13,14:27,sports,スポーツ,39,Full-Count,N/A,20,https://news.yahoo.co.jp/articles/0d94870c160b7ac9d2fe8464a2370e8567214bd1,3/13(金) 9:16
2026-03-13,14:27,sports,スポーツ,40,スポニチアネックス,N/A,20,https://news.yahoo.co.jp/articles/8775e4492f9bc8b6ec90024cf913b37cc971260a,3/13(金) 11:45
