scrape_time,genre_en,genre_jp,rank,media_jp,title,comment,link,date_original
2023-12-08 10:23,domestic,国内,1,朝日新聞デジタル,松野官房長官に裏金1千万円超か　パーティー収入還流、政権内に波及,716,https://news.yahoo.co.jp/articles/6cc5111f525f747976377b2a3d4ad42308a7c135,12/8(金) 4:00
2023-12-08 10:23,domestic,国内,2,FNNプライムオンライン（フジテレビ系）,【独自】岸田首相が岸田派会長を退く意向固める　政治資金問題受け「会長を続けたままで信頼回復できるのか」批判も,259,https://news.yahoo.co.jp/articles/0df0666f54eead99e104cfcff825b817e589f788,12/7(木) 11:32
2023-12-08 10:23,domestic,国内,3,TBS NEWS DIG Powered by JNN,【速報】岸田総理が派閥からの離脱を表明,238,https://news.yahoo.co.jp/articles/dae2ef1fd63a1c5cec35b21464739c7c32436579,12/7(木) 17:28
2023-12-08 10:23,domestic,国内,4,弁護士ドットコムニュース,ディズニーパレードでミニーのスカートめくり「セクハラ」批判の声　オリエンタルランド謝罪,178,https://news.yahoo.co.jp/articles/ee2e14b617b3dd318211c388590cd7df580f3d65,12/7(木) 11:58
2023-12-08 10:23,domestic,国内,5,FNNプライムオンライン（フジテレビ系）,【速報】「アダモちゃん」島崎俊郎さん死去　「オレたちひょうきん族」などで人気,154,https://news.yahoo.co.jp/articles/815957711c6340514f59f176867b0e8eb8199d26,12/7(木) 16:49
2023-12-08 10:23,domestic,国内,6,読売新聞オンライン,優勝パレードに職員ボランティア動員、批判を受け…大阪市長「開催しないこともあり得る」,142,https://news.yahoo.co.jp/articles/bf7f3ffe4583b21efa89d7d7e97b632c3a9e40f7,12/8(金) 6:31
2023-12-08 10:23,domestic,国内,7,FRIDAY,大物議員も「こりゃもうダメよ」…裏金疑惑！岸田文雄首相「命運尽きるのを待つのみ」政権末期ルポ,134,https://news.yahoo.co.jp/articles/17dbacc5a0918227396f975dd72a67542a31821c,12/8(金) 9:00
2023-12-08 10:23,domestic,国内,8,現代ビジネス,秋篠宮さまの「言葉づかい」は「次期天皇」にふさわしいものか？ ジャーナリストが抱いた違和感,132,https://news.yahoo.co.jp/articles/c9d3af115572563cc1d68e0553c0f51df7c7f415,12/8(金) 7:33
2023-12-08 10:23,domestic,国内,9,FNNプライムオンライン（フジテレビ系）,松野官房長官が裏金1000万円超キックバック受けたか　収支報告書未記載　パーティー券収入疑惑で説明拒む,123,https://news.yahoo.co.jp/articles/e563cdf477738e272652f6aad72259ea76475dc6,12/8(金) 7:49
2023-12-08 10:23,domestic,国内,10,TBS NEWS DIG Powered by JNN,【速報】安倍派“裏金”疑惑で松野官房長官　記者団が説明要望も「政治団体や活動への答えは控える」文書で回答,121,https://news.yahoo.co.jp/articles/415e868400d77420c25f6ee283d803fe35326706,12/7(木) 17:05
2023-12-08 10:23,domestic,国内,11,SmartFLASH,岸田政権「子ども3人以上で大学無償化」に寄せられる不公平感「まず2人め産んでもらえるようにしなよ」,107,https://news.yahoo.co.jp/articles/5eea642f50abee5fd2604b4b129b1794e2d797e4,12/7(木) 15:45
2023-12-08 10:23,domestic,国内,12,女性自身,「非課税世帯より貧しい気がする」政府の給付金案に中間層の不満爆発「働くだけ、バカを見る政治やめて欲しい」,104,https://news.yahoo.co.jp/articles/9b1df1c4c61be62aef350abdd830c2928a01c830,12/7(木) 15:38
2023-12-08 10:23,domestic,国内,13,共同通信,首相、在任中は岸田派離脱の意向　会長空席、今夕表明へ,102,https://news.yahoo.co.jp/articles/4d45bb9b770ec192c8eeeba45598e91ec8825047,12/7(木) 12:43
2023-12-08 10:23,domestic,国内,14,共同通信,安倍派、事務総長側にも還流　販売ノルマ超過分、認識確認へ,91,https://news.yahoo.co.jp/articles/a8a9dde67f8e7783ecd30f025eb62cbef32f1340,12/7(木) 19:48
2023-12-08 10:23,domestic,国内,15,SmartFLASH,「岸田総理よ、言うこと聞かん大臣はクビに、財務省と戦った初の総理になれ！」【泉房穂の「ケンカは勝つ！」第25回】,88,https://news.yahoo.co.jp/articles/2e0421c6e110acff3fb212277840838841b84d3a,12/8(金) 6:02
2023-12-08 10:23,domestic,国内,16,毎日新聞,警視庁公安部、有識者聴取と異なる報告書作成か　起訴取り消し,85,https://news.yahoo.co.jp/articles/a7195b309d781b08fa50fb1950df9c82e6fe444c,12/8(金) 5:30
2023-12-08 10:23,domestic,国内,17,共同通信,青葉被告、死刑求刑に動揺見せず　ややうつろな様子で時折目を伏せ,76,https://news.yahoo.co.jp/articles/92764b8471c588a9dadb5e1774dcf7dab02397da,12/7(木) 11:55
2023-12-08 10:23,domestic,国内,18,SmartFLASH,「派閥離脱」の岸田首相、パーティ自粛指示会見に「中身のないことをダラダラと」あきれる国民　ほんこんも「何が言いたいの？」,72,https://news.yahoo.co.jp/articles/8399abdf4aadd4d2a0865d12d31508076eb05c2c,12/7(木) 19:35
2023-12-08 10:23,domestic,国内,19,テレ東BIZ,【速報】岸田総理が「岸田派を離れる」意向,68,https://news.yahoo.co.jp/articles/158edc00122d87ab9a1aa00f2eef837dd98d4bda,12/7(木) 12:04
2023-12-08 10:23,domestic,国内,20,中日スポーツ,尾木ママ、大学授業料無償化など岸田政権の『少子化対策』疑問視「動機がちまちましてる」「きっと潰れるかしぼむ」,67,https://news.yahoo.co.jp/articles/cce2d1ab93a7fbbdd0f7756464a1bc38e7781f71,12/8(金) 6:00
2023-12-08 10:23,domestic,国内,21,SmartFLASH,「日本の恥さらし」大阪万博344億円木造リング、伝統的貫工法のはずが「釘もボルトも活用」…吉村知事らの「弁明」に呆れ声,66,https://news.yahoo.co.jp/articles/1794ad7828770b9b651efee56eb4365de3953000,12/7(木) 16:20
2023-12-08 10:23,domestic,国内,22,読売テレビ,【特集】国内の患者数わずか100人…どんな症状が出るかわからない難病・クリーフストラ症候群　「安全上の理由」と入園も拒否…知られていない故の困難と闘う親子,64,https://news.yahoo.co.jp/articles/5995ae9bef757e9533c5acaa43627905547e93ff,12/7(木) 20:00
2023-12-08 10:23,domestic,国内,23,時事通信,松野官房長官に裏金1千万円超か　安倍派のパーティー収入還流　不記載問題、政権中枢に波及,62,https://news.yahoo.co.jp/articles/cc4cd3f011923d6f6e5be77d6a02d7601fdf9a0a,12/8(金) 9:35
2023-12-08 10:23,domestic,国内,24,現代ビジネス,小室圭さん・眞子さん夫妻が「消えた」…噂される「遅い新婚旅行」の意外な行き先,62,https://news.yahoo.co.jp/articles/ec330eb85970d2ea361f80cc40e69cc949f92f3c,12/8(金) 7:03
2023-12-08 10:23,domestic,国内,25,FNNプライムオンライン（フジテレビ系）,【速報】ヘアアイロンでやけどの写真やライン画面を公開…宝塚歌劇団員の遺族側「パワハラ」認定求め意見書公開,61,https://news.yahoo.co.jp/articles/0f21a39a5720ac903e44ee11760297d7ee12c53b,12/7(木) 16:03
2023-12-08 10:23,domestic,国内,26,産経新聞,＜独自＞安倍派パーティー券収入　裏金流用　議員側支出も不記載か,59,https://news.yahoo.co.jp/articles/2571c2d901fcc593375f4990eed04af04a6ec15e,12/8(金) 1:08
2023-12-08 10:23,domestic,国内,27,ウェザーマップ,【動画】8日の天気 - 日中は日差し暖か 小春日和　北海道 午前中は猛ふぶきに警戒　天気は回復へ（8日7時更新）,55,https://news.yahoo.co.jp/articles/bde3c0219fe772e4718cba4c9fdb4fc57879dbf3,12/8(金) 7:33
2023-12-08 10:23,domestic,国内,28,時事通信,野党、首相の岸田派離脱を批判　「場当たり」「派閥に解散命令を」,55,https://news.yahoo.co.jp/articles/c397f25c37fea9c332332d89c69cb6cb6a8d433a,12/7(木) 17:59
2023-12-08 10:23,domestic,国内,29,共同通信,京アニ事件結審、死刑回避を主張　「妄想が影響」、1月25日判決,54,https://news.yahoo.co.jp/articles/bd27214bc160127e57c9fc02c4c37d2687a246ca,12/7(木) 14:57
2023-12-08 10:23,domestic,国内,30,ニッポン放送,3人以上の子供がいる世帯「大学無償化」へ　所得制限なし　「学生より大学救済では？」辛坊治郎が指摘,50,https://news.yahoo.co.jp/articles/7863e6b9e0dd07857034986e3607e678e269c3e9,12/7(木) 17:25
2023-12-08 10:23,domestic,国内,31,FRIDAY,岸田文雄内閣が『愛子天皇』を選択肢として考えざるをえない「切実な“皇族の減少問題”」,46,https://news.yahoo.co.jp/articles/07d50194d0c18b840faf55d28f629c95f6656fcb,12/8(金) 7:00
2023-12-08 10:23,domestic,国内,32,弁護士ドットコムニュース,人気ラーメン店、赤字覚悟のライス残す客に「死んでください」　批判受けた店主が苦悩吐露,46,https://news.yahoo.co.jp/articles/59ca6f050f145926bd216657f88b027d7a89a2f0,12/7(木) 18:54
2023-12-08 10:23,domestic,国内,33,SmartFLASH,“パー券問題”口閉ざす松野博一官房長官　官邸では「アルマジロ」と呼ばれ、国民から「必要ない」苦言も,45,https://news.yahoo.co.jp/articles/0e38f3b8dacb97c090bd4223d741d2682837f6a0,12/7(木) 18:40
2023-12-08 10:23,domestic,国内,34,テレビ朝日系（ANN）,【速報】横浜市青葉区の「河合塾あざみ野現役館」に86歳運転の車突っ込み5人けが,44,https://news.yahoo.co.jp/articles/7460f10488e1120f270b9117c4c4079562aef7d1,12/7(木) 17:39
2023-12-08 10:23,domestic,国内,35,ABEMA TIMES,『ヘルプマーク』理解してもらえず「優先席に座らせてもらったら怒鳴られた」見かけた時どうする？,40,https://news.yahoo.co.jp/articles/226a0cc493741c8f60ff7bd43ea4347565a3057c,12/8(金) 8:11
2023-12-08 10:23,domestic,国内,36,プレジデントオンライン,橋下徹「日本の政治家が、イスラエルのガザ地区大規模攻撃を支持してはならない根本理由」,38,https://news.yahoo.co.jp/articles/d6ce557f03bd2832924012a1b1f6fbd15a80727c,12/8(金) 9:17
2023-12-08 10:23,domestic,国内,37,集英社オンライン,〈パー券“裏金”疑惑〉岸田政権、年明け退陣か⁉ いち早く派閥離脱で「逃亡」とあきれの声…「ポスト岸田」という名の“火中の栗”は無派閥のあの人に押し付け？,37,https://news.yahoo.co.jp/articles/d2c28f6af346606a0e84ae6fec0be3ebff6d906e,12/8(金) 8:01
2023-12-08 10:23,domestic,国内,38,文春オンライン,《宮内庁幹部が告白》「雅子さまは人権侵害を受けてきた」適応障害を発症された本当の理由,36,https://news.yahoo.co.jp/articles/fb03400f89e47d0f0cb9700c0ce60e1dd6084590,12/7(木) 11:36
2023-12-08 10:23,domestic,国内,39,テレビ朝日系（ANN）,東京・上野「さすまた」で撃退の“強盗3人組” 新たに20歳の男逮捕,36,https://news.yahoo.co.jp/articles/701dc40275b4314db297393e77e802cfb21cc45d,12/8(金) 8:24
2023-12-08 10:23,domestic,国内,40,FNNプライムオンライン（フジテレビ系）,【独自】「東海村JCO臨界事故が原因」逮捕された53歳男が供述　市役所・村役場に相次いで車が突っ込んだ事件,34,https://news.yahoo.co.jp/articles/a4155c3f2c4a6ad0b1ac0bde6de19104bf2cdcc1,12/7(木) 11:47
