scrp_date,scrp_time,genre_en,genre_jp,rank,media_jp,title,comment,link,date_original
2024-10-06,15:08,life,ライフ,1フードコートに1人でいたら…どこかのパパが子どもを置いて行った←「女性を狙ってやってる」「他人の善意を頼りにするな」まいどなニュース10/6(日) 7:50102件/時,まいどなニュース,フードコートに1人でいたら…どこかのパパが子どもを置いて行った←「女性を狙ってやってる」「他人の善意を頼りにするな」,102,https://news.yahoo.co.jp/articles/befb681a0590ee562c3b7e257d5a8eaa34838a63,10/6(日) 7:50
2024-10-06,15:08,life,ライフ,2有明の反ワクチンデモは半数がバイト動員？暗躍するスカウト集団とトラブルに発展の懸念も日刊ゲンダイDIGITAL10/6(日) 9:0647件/時,日刊ゲンダイDIGITAL,有明の反ワクチンデモは半数がバイト動員？暗躍するスカウト集団とトラブルに発展の懸念も,47,https://news.yahoo.co.jp/articles/8386960cab189c26c4c1c1ff70351b6c36a61819,10/6(日) 9:06
2024-10-06,15:08,life,ライフ,3「カッコ悪いと思いませんか？」　一緒にいると“心が貧しくなる”…ケチな男性を拒絶する婚活女性たちオトナンサー10/6(日) 7:1046件/時,オトナンサー,「カッコ悪いと思いませんか？」　一緒にいると“心が貧しくなる”…ケチな男性を拒絶する婚活女性たち,46,https://news.yahoo.co.jp/articles/60e577e9134b0f054bd8e9f34d1ed50f5c069c2b,10/6(日) 7:10
2024-10-06,15:08,life,ライフ,4ジョージア大使が「安定の味のなさ」と困惑？　日本の珍しい果実の“真の実力”を語る声が殺到した理由とはHint-Pot10/6(日) 12:0842件/時,Hint-Pot,ジョージア大使が「安定の味のなさ」と困惑？　日本の珍しい果実の“真の実力”を語る声が殺到した理由とは,42,https://news.yahoo.co.jp/articles/681548fa5e7eb2b68c4f63266c6918534ce1fbf9,10/6(日) 12:08
2024-10-06,15:08,life,ライフ,5初デート費用、女性は「1円もおごりたくない」「男性が全額負担すべき」…男性の本音は？　婚活男女897人調査で浮き彫りにオトナンサー10/5(土) 21:4040件/時,オトナンサー,初デート費用、女性は「1円もおごりたくない」「男性が全額負担すべき」…男性の本音は？　婚活男女897人調査で浮き彫りに,40,https://news.yahoo.co.jp/articles/24a11f85f11918a5984b46a2ed4b6a3c60b9b493,10/5(土) 21:40
2024-10-06,15:08,life,ライフ,6友人の夫は「自衛官」で、たまにしか家に帰ってこないそうです。業務が大変そうですし、それだけ高い「給料」をもらっているのでしょうか？ファイナンシャルフィールド10/6(日) 13:1038件/時,ファイナンシャルフィールド,友人の夫は「自衛官」で、たまにしか家に帰ってこないそうです。業務が大変そうですし、それだけ高い「給料」をもらっているのでしょうか？,38,https://news.yahoo.co.jp/articles/3d2c453ba6667601fc86641f7543289be622512c,10/6(日) 13:10
2024-10-06,15:08,life,ライフ,7「あて名は『横山』宛でお願いします 様」「上様死なないで」トンデモ領収書は、有効なの？弁護士ドットコムニュース10/6(日) 9:4537件/時,弁護士ドットコムニュース,「あて名は『横山』宛でお願いします 様」「上様死なないで」トンデモ領収書は、有効なの？,37,https://news.yahoo.co.jp/articles/9a0c0c84cb23469d63c970dd4b988f0513a0a082,10/6(日) 9:45
2024-10-06,15:08,life,ライフ,8ホテルでよく見るアイテムの意外に知らない使い方　正解に驚きの声　「全然座ってた」「本気でタオルかけだと」Hint-Pot10/6(日) 8:1035件/時,Hint-Pot,ホテルでよく見るアイテムの意外に知らない使い方　正解に驚きの声　「全然座ってた」「本気でタオルかけだと」,35,https://news.yahoo.co.jp/articles/2e40237eb50d1adf58da99d869b6c707b988e826,10/6(日) 8:10
2024-10-06,15:08,life,ライフ,9港区タワマン生活から投資損失3500万円、全財産失った30代　生活水準を下げて「取り返す」ENCOUNT10/6(日) 10:4035件/時,ENCOUNT,港区タワマン生活から投資損失3500万円、全財産失った30代　生活水準を下げて「取り返す」,35,https://news.yahoo.co.jp/articles/b0d2fce6ca5b79f1d2cdfdefe8f2b834e986048c,10/6(日) 10:40
2024-10-06,15:08,life,ライフ,10「カフェ経営」が難しいと話す友人。「ランチセット」で「1000円」を超えるお店もありますし、原価が上がっているのが原因でしょうか…？ファイナンシャルフィールド10/6(日) 13:4034件/時,ファイナンシャルフィールド,「カフェ経営」が難しいと話す友人。「ランチセット」で「1000円」を超えるお店もありますし、原価が上がっているのが原因でしょうか…？,34,https://news.yahoo.co.jp/articles/7e2af3cabf66291501e4ff6c9d784713694156a0,10/6(日) 13:40
2024-10-06,15:08,life,ライフ,11日本は「外交力」を発揮せよ　戦いたくない米・中の「間を取り持つ国」に　話の肖像画　ジャーナリスト・田原総一朗＜5＞産経新聞10/6(日) 12:0032件/時,産経新聞,日本は「外交力」を発揮せよ　戦いたくない米・中の「間を取り持つ国」に　話の肖像画　ジャーナリスト・田原総一朗＜5＞,32,https://news.yahoo.co.jp/articles/cc5acfc66f4bef716278408405c157f061f42234,10/6(日) 12:00
2024-10-06,15:08,life,ライフ,121年前に買った「フライパン」が焦げ付くようになりストレスです。買い替えるタイミングはどのくらいなのでしょうか？ファイナンシャルフィールド10/6(日) 13:5029件/時,ファイナンシャルフィールド,1年前に買った「フライパン」が焦げ付くようになりストレスです。買い替えるタイミングはどのくらいなのでしょうか？,29,https://news.yahoo.co.jp/articles/37023b6b92dfba28e2ff9a422a5714773a27c403,10/6(日) 13:50
2024-10-06,15:08,life,ライフ,13「あなたが産めっていったんじゃない」「里子に出そうか」…45歳夫が絶句、妊活を嫌がる妻が出産したら「地獄」だった現代ビジネス10/6(日) 10:0528件/時,現代ビジネス,「あなたが産めっていったんじゃない」「里子に出そうか」…45歳夫が絶句、妊活を嫌がる妻が出産したら「地獄」だった,28,https://news.yahoo.co.jp/articles/51f26062eee25e33041cb278e8950c64e73ce626,10/6(日) 10:05
2024-10-06,15:08,life,ライフ,14こんなの庶民イジメじゃないか…年収550万円の49歳サラリーマン、税務調査で「年収を超える追徴税」を課されたワケ【税理士の助言】THE GOLD ONLINE（ゴールドオンライン）10/6(日) 11:0228件/時,THE GOLD ONLINE（ゴールドオンライン）,こんなの庶民イジメじゃないか…年収550万円の49歳サラリーマン、税務調査で「年収を超える追徴税」を課されたワケ【税理士の助言】,28,https://news.yahoo.co.jp/articles/9a670c283884db373cada4cc8afd31f5d4af98d5,10/6(日) 11:02
2024-10-06,15:08,life,ライフ,15【都民に聞いた】「結局一番だと思うカップ焼きそば」ランキング！　2位は「日清食品   焼そばU.F.O.」、1位は？ねとらぼ10/6(日) 12:4527件/時,ねとらぼ,【都民に聞いた】「結局一番だと思うカップ焼きそば」ランキング！　2位は「日清食品   焼そばU.F.O.」、1位は？,27,https://news.yahoo.co.jp/articles/738725a870854962659449af7eb25e997c07c719,10/6(日) 12:45
2024-10-06,15:08,life,ライフ,16「首都になってほしいと思う都道府県」ランキング！　2位は「大阪府」、1位は？ねとらぼ10/6(日) 12:0526件/時,ねとらぼ,「首都になってほしいと思う都道府県」ランキング！　2位は「大阪府」、1位は？,26,https://news.yahoo.co.jp/articles/c410c97d38c47aeb4e946e07dd22ebc197902aa5,10/6(日) 12:05
2024-10-06,15:08,life,ライフ,1732歳で「年収360万円」の会社員です。3歳下の彼女から「そろそろ結婚したい」と言われていますが、貯金が300万円しかありません。結婚後も共働きの予定ですが、今の年収で家庭を持って大丈夫でしょうか…？ファイナンシャルフィールド10/6(日) 13:5024件/時,ファイナンシャルフィールド,32歳で「年収360万円」の会社員です。3歳下の彼女から「そろそろ結婚したい」と言われていますが、貯金が300万円しかありません。結婚後も共働きの予定ですが、今の年収で家庭を持って大丈夫でしょうか…？,24,https://news.yahoo.co.jp/articles/f07e074db6186421e95a1da0f1e0f29c9caa88c4,10/6(日) 13:50
2024-10-06,15:08,life,ライフ,18【40代の男性が選ぶ】最高にうまいと思う「そばチェーン」ランキング！　2位は「ゆで太郎」、1位は？ねとらぼ10/6(日) 12:3524件/時,ねとらぼ,【40代の男性が選ぶ】最高にうまいと思う「そばチェーン」ランキング！　2位は「ゆで太郎」、1位は？,24,https://news.yahoo.co.jp/articles/eac9e168148aea808ada0a117c969cdda514dba3,10/6(日) 12:35
2024-10-06,15:08,life,ライフ,19「マジで復活してくれ」　日清が7年前に終売した「人気カップ麺」→“まさかの現在”に「えっ？」「まじ?!」ねとらぼ10/6(日) 8:1523件/時,ねとらぼ,「マジで復活してくれ」　日清が7年前に終売した「人気カップ麺」→“まさかの現在”に「えっ？」「まじ?!」,23,https://news.yahoo.co.jp/articles/afb32f9020e6bd64b51e82b5ea5590964aede474,10/6(日) 8:15
2024-10-06,15:08,life,ライフ,20会社が潰れる!危機のスバルを救った初代インプレッサ 岐路に立たされた「水平対向エンジン」おとなの週末10/6(日) 12:0023件/時,おとなの週末,会社が潰れる!危機のスバルを救った初代インプレッサ 岐路に立たされた「水平対向エンジン」,23,https://news.yahoo.co.jp/articles/f369a2fb6e76be2f6bf9d674fe076a729ae2970b,10/6(日) 12:00
2024-10-06,15:08,life,ライフ,21中国深圳・男児刺殺事件 日中関係の悪化を食い止めた父親の手紙を慟哭して読んだ（元木昌彦／「週刊現代」「フライデー」元編集長）日刊ゲンダイDIGITAL10/6(日) 9:0622件/時,日刊ゲンダイDIGITAL,中国深圳・男児刺殺事件 日中関係の悪化を食い止めた父親の手紙を慟哭して読んだ（元木昌彦／「週刊現代」「フライデー」元編集長）,22,https://news.yahoo.co.jp/articles/9efb0d88a7af160bbe0fd4c34c8097f2c7b7e971,10/6(日) 9:06
2024-10-06,15:08,life,ライフ,22渋谷区の路上飲酒が“通年”で禁止に！ 区域も拡大へ。迷惑な路上飲みは減るのか？KURU KURA（くるくら）10/6(日) 12:1122件/時,KURU KURA（くるくら）,渋谷区の路上飲酒が“通年”で禁止に！ 区域も拡大へ。迷惑な路上飲みは減るのか？,22,https://news.yahoo.co.jp/articles/cb36ea3f0ef55347da217372c66132fb197f29a8,10/6(日) 12:11
2024-10-06,15:08,life,ライフ,23「避妊なしでこれまでできなかったから…」安心しきっていた夫婦に突然やってきた子宝。40代で妊娠の切実すぎるリアル。FORZA STYLE10/5(土) 21:0220件/時,FORZA STYLE,「避妊なしでこれまでできなかったから…」安心しきっていた夫婦に突然やってきた子宝。40代で妊娠の切実すぎるリアル。,20,https://news.yahoo.co.jp/articles/caf8fd918812cf3aa56243aad41fbca76d95aae0,10/5(土) 21:02
2024-10-06,15:08,life,ライフ,24少子高齢化だから年金制度は崩壊する？誤解されがちな＜年金の仕組み＞を専門家が解説。「不調な時だけニュースになるが、23年度の収益はなんと…」婦人公論.jp10/6(日) 12:3220件/時,婦人公論.jp,少子高齢化だから年金制度は崩壊する？誤解されがちな＜年金の仕組み＞を専門家が解説。「不調な時だけニュースになるが、23年度の収益はなんと…」,20,https://news.yahoo.co.jp/articles/c0765e9e83ebf1c982f0a7f3886304b585ca42ee,10/6(日) 12:32
2024-10-06,15:08,life,ライフ,25おごられることを当たり前だと思っている女性、「割り勘だとイメージが悪い」と払わざるを得ない男性、婚活において大事なことはなに？【著者に聞く】ウォーカープラス10/6(日) 14:5119件/時,ウォーカープラス,おごられることを当たり前だと思っている女性、「割り勘だとイメージが悪い」と払わざるを得ない男性、婚活において大事なことはなに？【著者に聞く】,19,https://news.yahoo.co.jp/articles/b79dd0dd7cb71216e76177f975d245f2f19919b6,10/6(日) 14:51
2024-10-06,15:08,life,ライフ,26SNSで話題、人気サンダルそっくりのパンに「売って大丈夫？」の声も　弁護士の見解は弁護士ドットコムニュース10/6(日) 10:0119件/時,弁護士ドットコムニュース,SNSで話題、人気サンダルそっくりのパンに「売って大丈夫？」の声も　弁護士の見解は,19,https://news.yahoo.co.jp/articles/f28a508ec7cc6105c5599d65d7d61a6cbc337894,10/6(日) 10:01
2024-10-06,15:08,life,ライフ,27カツカレーがおいしいと思う「カレーチェーン」ランキング！　2位は「チャンピオンカレー」、1位は？ねとらぼ10/6(日) 11:0519件/時,ねとらぼ,カツカレーがおいしいと思う「カレーチェーン」ランキング！　2位は「チャンピオンカレー」、1位は？,19,https://news.yahoo.co.jp/articles/93a7b4a8d871141953f13b946dec83d2f1be49ab,10/6(日) 11:05
2024-10-06,15:08,life,ライフ,28地元に帰省したら、同級生がみんな「プリウス」に乗っていました。どうしてそこまで人気があるのでしょうか？ファイナンシャルフィールド10/6(日) 11:5018件/時,ファイナンシャルフィールド,地元に帰省したら、同級生がみんな「プリウス」に乗っていました。どうしてそこまで人気があるのでしょうか？,18,https://news.yahoo.co.jp/articles/052f230c1460a9d8a19e2450b1603b4c4036f98a,10/6(日) 11:50
2024-10-06,15:08,life,ライフ,29「お客様、お着替えをお願いします！」ゴルフ場で突然のNG勧告【ゴルフ初心者さん必見】必ず知っておきたい、ゴルフウェアのドレスコード？FORZA STYLE10/6(日) 9:0916件/時,FORZA STYLE,「お客様、お着替えをお願いします！」ゴルフ場で突然のNG勧告【ゴルフ初心者さん必見】必ず知っておきたい、ゴルフウェアのドレスコード？,16,https://news.yahoo.co.jp/articles/5bb4b7a8af428357565afb343b2713d53b6c9a6a,10/6(日) 9:09
2024-10-06,15:08,life,ライフ,30眠れなくなるほど怖いホラー漫画 3位は「地獄先生ぬ～べ～」…2位と1位は何だ？日刊ゲンダイDIGITAL10/6(日) 9:0616件/時,日刊ゲンダイDIGITAL,眠れなくなるほど怖いホラー漫画 3位は「地獄先生ぬ～べ～」…2位と1位は何だ？,16,https://news.yahoo.co.jp/articles/3ba219bf500dd4ce949a1c91b57fb23ff2a91f32,10/6(日) 9:06
2024-10-06,15:08,life,ライフ,31私の友人は「救急隊員」だそうです。「消防士」とはどう違うのでしょうか？ 「年収」の違いも教えてください！ファイナンシャルフィールド10/6(日) 13:0016件/時,ファイナンシャルフィールド,私の友人は「救急隊員」だそうです。「消防士」とはどう違うのでしょうか？ 「年収」の違いも教えてください！,16,https://news.yahoo.co.jp/articles/eaf885166ba94cca38bd3f34d986a1e96f922432,10/6(日) 13:00
2024-10-06,15:08,life,ライフ,32妻が亡くなり、食事は毎日スーパーやコンビニの「惣菜」です。和食中心を心がければ”栄養面”は心配ないでしょうか？ファイナンシャルフィールド10/6(日) 11:3015件/時,ファイナンシャルフィールド,妻が亡くなり、食事は毎日スーパーやコンビニの「惣菜」です。和食中心を心がければ”栄養面”は心配ないでしょうか？,15,https://news.yahoo.co.jp/articles/12477464397c28c17b9b178920f6019d9bbb1f65,10/6(日) 11:30
2024-10-06,15:08,life,ライフ,33エアコンをつけると猫が部屋から出て行くのはなぜ？【獣医師解説】ねこのきもち WEB MAGAZINE10/6(日) 13:0015件/時,ねこのきもち WEB MAGAZINE,エアコンをつけると猫が部屋から出て行くのはなぜ？【獣医師解説】,15,https://news.yahoo.co.jp/articles/11902a157a797c8445e4740ad60a0d7a9613d00e,10/6(日) 13:00
2024-10-06,15:08,life,ライフ,34「博物館レベルのレア物」　ハードオフに8万8000円で売っていた“驚がくの商品”に騒然　「PS5よりも高い」ねとらぼ10/6(日) 8:4514件/時,ねとらぼ,「博物館レベルのレア物」　ハードオフに8万8000円で売っていた“驚がくの商品”に騒然　「PS5よりも高い」,14,https://news.yahoo.co.jp/articles/5fca8df8bb431369122215fba9f0b4aeae21f79f,10/6(日) 8:45
2024-10-06,15:08,life,ライフ,35「私たちは安物」「同じ女なのに、何が違うんだろうね」性サービスの強要、商品として消費される悲しみ…「稼げない」メンズエステ嬢の苦悩現代ビジネス10/5(土) 20:0514件/時,現代ビジネス,「私たちは安物」「同じ女なのに、何が違うんだろうね」性サービスの強要、商品として消費される悲しみ…「稼げない」メンズエステ嬢の苦悩,14,https://news.yahoo.co.jp/articles/9aed73e6edaeb7d6a84fd8cb593e071a6ab0dda1,10/5(土) 20:05
2024-10-06,15:08,life,ライフ,36「最近、どうしてる？と聞いただけなのに…」人事部へのセクハラ密告であわや。50代サラリーマンが「社会に絶望した理由」FORZA STYLE10/6(日) 8:4214件/時,FORZA STYLE,「最近、どうしてる？と聞いただけなのに…」人事部へのセクハラ密告であわや。50代サラリーマンが「社会に絶望した理由」,14,https://news.yahoo.co.jp/articles/4b15e23424f1a0ccf752c14803a4687b4e1f2718,10/6(日) 8:42
2024-10-06,15:08,life,ライフ,37「いまの文化祭は、単なるインスタ撮影会…」現役教師が絶句「映えに支配された学び舎」の想像を超えた実態FORZA STYLE10/6(日) 9:0214件/時,FORZA STYLE,「いまの文化祭は、単なるインスタ撮影会…」現役教師が絶句「映えに支配された学び舎」の想像を超えた実態,14,https://news.yahoo.co.jp/articles/e7b0adc72dce1fe32da0cd8b59edca7ee8ed10b6,10/6(日) 9:02
2024-10-06,15:08,life,ライフ,38「英語は単語しか話せなかったけれど…」　アメリカ人が抱いた日本人の印象　初訪日で感激したこととはHint-Pot10/6(日) 6:1014件/時,Hint-Pot,「英語は単語しか話せなかったけれど…」　アメリカ人が抱いた日本人の印象　初訪日で感激したこととは,14,https://news.yahoo.co.jp/articles/985900ef75dd5d589c4bc14c79d4ceccbdaf1da1,10/6(日) 6:10
2024-10-06,15:08,life,ライフ,39《老後ひとり暮らしの壁》介護が必要になったけど“身近に頼れる人がいない”どうする？女性セブンプラス10/6(日) 11:0014件/時,女性セブンプラス,《老後ひとり暮らしの壁》介護が必要になったけど“身近に頼れる人がいない”どうする？,14,https://news.yahoo.co.jp/articles/beaadeeb39fc069babf6fb0a03533667ae95f857,10/6(日) 11:00
2024-10-06,15:08,life,ライフ,40天皇の「側室」と「皇后」の「意外な関係」をご存知ですか？ 女官が目撃していたこと現代ビジネス10/6(日) 7:0514件/時,現代ビジネス,天皇の「側室」と「皇后」の「意外な関係」をご存知ですか？ 女官が目撃していたこと,14,https://news.yahoo.co.jp/articles/a76b643648aebf577bbf5b170c5ceb64ba42c58b,10/6(日) 7:05
