scrp_date,scrp_time,genre_en,genre_jp,rank,media_jp,title,comment,link,date_original
2026-08-23,17:39,life,ライフ,1,Hint-Pot,N/A,95,https://news.yahoo.co.jp/articles/107f6235608af257d10234a0de86b3bdd785b962,8/23(日) 15:13
2026-08-23,17:39,life,ライフ,2,Hint-Pot,N/A,47,https://news.yahoo.co.jp/articles/2c6e1574b770c9eaa67f3dfe679771c2ad6bc31a,8/23(日) 11:20
2026-08-23,17:39,life,ライフ,3,弁護士ドットコムニュース,N/A,43,https://news.yahoo.co.jp/articles/1b3a9957978e8cdde3896a40df172a49fa5f749f,8/23(日) 8:30
2026-08-23,17:39,life,ライフ,4,AERA with Kids＋,N/A,38,https://news.yahoo.co.jp/articles/cec3ed316b459b1b751766d02da31ff61e2cd162,8/23(日) 12:00
2026-08-23,17:39,life,ライフ,5,産経新聞,N/A,36,https://news.yahoo.co.jp/articles/ba71145477faeb3213ef012f54b7a1c261b16720,8/23(日) 17:04
2026-08-23,17:39,life,ライフ,6,ファイナンシャルフィールド,N/A,30,https://news.yahoo.co.jp/articles/acfd9d2a1d180e4562251ba2c9e54df146ee79f1,8/23(日) 13:10
2026-08-23,17:39,life,ライフ,7,LIMO,N/A,29,https://news.yahoo.co.jp/articles/fad4df738a1bc0aaa6d29c4e9fb88828f28c0179,8/23(日) 9:15
2026-08-23,17:39,life,ライフ,8,産経新聞,N/A,25,https://news.yahoo.co.jp/articles/c42124059862aaf51327ed6539c3a9ece3a31c9f,8/22(土) 19:00
2026-08-23,17:39,life,ライフ,9,THE GOLD ONLINE（ゴールドオンライン）,N/A,22,https://news.yahoo.co.jp/articles/267f0924b21f7ca5c09a0018de57c951132a9101,8/23(日) 10:30
2026-08-23,17:39,life,ライフ,10,女子SPA！,N/A,21,https://news.yahoo.co.jp/articles/24ede7db67b755ad4e12d09422e0d7bb9a1fbd9e,8/23(日) 8:46
2026-08-23,17:39,life,ライフ,11,ワールドジェットスポーツマガジン,N/A,20,https://news.yahoo.co.jp/articles/a17e9cd8b967c49bce849ee0bbc4f0c7c89c5d4e,8/23(日) 9:20
2026-08-23,17:39,life,ライフ,12,NEWSポストセブン,N/A,19,https://news.yahoo.co.jp/articles/7d884eb5ac242ad93f47c24d646b6ff149c11a83,8/23(日) 15:58
2026-08-23,17:39,life,ライフ,13,LIMO,N/A,19,https://news.yahoo.co.jp/articles/753dca0aedc039ccb19a957f40f5c5af36329e1d,8/23(日) 11:55
2026-08-23,17:39,life,ライフ,14,THE GOLD ONLINE（ゴールドオンライン）,N/A,18,https://news.yahoo.co.jp/articles/99ee865a028a0a30827f79b3d1771a10b2181265,8/23(日) 7:00
2026-08-23,17:39,life,ライフ,15,ほ・とせなNEWS,N/A,17,https://news.yahoo.co.jp/articles/623e3c38661aca4c3aca3e9b1a5387c8d05584d8,8/23(日) 11:45
2026-08-23,17:39,life,ライフ,16,ねとらぼ,N/A,17,https://news.yahoo.co.jp/articles/dbb4b0235d3682807e7f3e8bafe8f3908ca64241,8/23(日) 8:40
2026-08-23,17:39,life,ライフ,17,NEWSポストセブン,N/A,16,https://news.yahoo.co.jp/articles/51702f9d03742bdff136a4e412b9b7183a64682a,8/23(日) 11:12
2026-08-23,17:39,life,ライフ,18,ファイナンシャルフィールド,N/A,15,https://news.yahoo.co.jp/articles/45ddcf8d8bd74f9956a4e619e49ddf85788f6a47,8/23(日) 14:30
2026-08-23,17:39,life,ライフ,19,文春オンライン,N/A,15,https://news.yahoo.co.jp/articles/f7c9dba0a07522d5c37b22af63fe38fbb13ba02a,8/23(日) 10:12
2026-08-23,17:39,life,ライフ,20,デイリー新潮,N/A,15,https://news.yahoo.co.jp/articles/3ad8dd79c4b83a4a29ccadb8fbfbea8e0a306f85,8/23(日) 10:55
2026-08-23,17:39,life,ライフ,21,まいどなニュース,N/A,14,https://news.yahoo.co.jp/articles/e6b3f566748707d0cfcf785fb840f0c6e9056106,8/23(日) 16:00
2026-08-23,17:39,life,ライフ,22,ねとらぼ,N/A,13,https://news.yahoo.co.jp/articles/c291a9b696a1561b0ecb4088a33f251c9023000e,8/23(日) 14:30
2026-08-23,17:39,life,ライフ,23,Hint-Pot,N/A,12,https://news.yahoo.co.jp/articles/cb062112e270643f9951c16a6a9359d86ea357db,8/23(日) 4:20
2026-08-23,17:39,life,ライフ,24,産経新聞,N/A,12,https://news.yahoo.co.jp/articles/f6e1afb226e2afb031edc2ebb7c2e79583e46cf6,8/23(日) 9:33
2026-08-23,17:39,life,ライフ,25,FNNプライムオンライン,N/A,12,https://news.yahoo.co.jp/articles/be4ef5102077507e59fc9f68fed8ceddda299b5b,8/23(日) 10:01
2026-08-23,17:39,life,ライフ,26,THE GOLD ONLINE（ゴールドオンライン）,N/A,12,https://news.yahoo.co.jp/articles/2bac9d22da6e38bd2a8aae6b260334370c5228d7,8/23(日) 10:30
2026-08-23,17:39,life,ライフ,27,Hint-Pot,N/A,12,https://news.yahoo.co.jp/articles/5d89957dfadef394a0512a623716c47c364662f2,8/23(日) 10:04
2026-08-23,17:39,life,ライフ,28,オリコン,N/A,12,https://news.yahoo.co.jp/articles/bb2bebff5602dff33f38233cad0b87a05ccf4329,8/23(日) 12:09
2026-08-23,17:39,life,ライフ,29,弁護士ドットコムニュース,N/A,11,https://news.yahoo.co.jp/articles/5a355a7c4ccc6f33840221ed2dce65d238db6a3a,8/23(日) 9:30
2026-08-23,17:39,life,ライフ,30,文春オンライン,N/A,11,https://news.yahoo.co.jp/articles/5ad2527c938e7a56cbb2831572efce0532d482a0,8/23(日) 10:00
2026-08-23,17:39,life,ライフ,31,FNNプライムオンライン,N/A,11,https://news.yahoo.co.jp/articles/d9240f66fd1231c5e3e5eea1758144110a352dae,8/23(日) 5:00
2026-08-23,17:39,life,ライフ,32,ねとらぼ,N/A,10,https://news.yahoo.co.jp/articles/de825b56e6535bd39a75e073657c5819e6e2bf3b,8/23(日) 8:00
2026-08-23,17:39,life,ライフ,33,ウォーカープラス,N/A,10,https://news.yahoo.co.jp/articles/931192cc072d59538281935bc0f37ee91e4400b1,8/23(日) 1:23
2026-08-23,17:39,life,ライフ,34,LASISA,N/A,10,https://news.yahoo.co.jp/articles/011aca821b8a2feb53bf810b85688dfa2a382cf4,8/23(日) 9:15
2026-08-23,17:39,life,ライフ,35,京都新聞,N/A,10,https://news.yahoo.co.jp/articles/b700a28ee34f22dc08bb01f0c311972b064bbdba,8/22(土) 17:48
2026-08-23,17:39,life,ライフ,36,ねとらぼ,N/A,10,https://news.yahoo.co.jp/articles/8a24da9b9e0062b718f14164f9501e4a56ab8b75,8/23(日) 13:00
2026-08-23,17:39,life,ライフ,37,サライ.jp,N/A,10,https://news.yahoo.co.jp/articles/7cc73fe1b182ab8d5f73b389c27b2fa644e7e58a,8/23(日) 9:00
2026-08-23,17:39,life,ライフ,38,まいどなニュース,N/A,10,https://news.yahoo.co.jp/articles/6a539b83e18273e6549743cf7f18f27d30c94b11,8/23(日) 14:30
2026-08-23,17:39,life,ライフ,39,東洋経済オンライン,N/A,10,https://news.yahoo.co.jp/articles/95d8e0c08012394a1b1cadbb5f889074770bf3e8,8/23(日) 6:30
2026-08-23,17:39,life,ライフ,40,CREA WEB,N/A,9,https://news.yahoo.co.jp/articles/22ca1d118ef6c691518fca795720008b264ccb77,8/23(日) 11:10
