scrp_date,scrp_time,genre_en,genre_jp,rank,media_jp,title,comment,link,date_original
2024-05-11,10:21,business,経済,1,AUTOCAR JAPAN,なぜ好調？　マツダ「過去最高」売上達成　鍵を握るラージ商品群、待望の次期型CX-5はいかに,225,https://news.yahoo.co.jp/articles/23b2bdacaf3b39d16a87ea8927e77535e85db686,5/11(土) 6:05
2024-05-11,10:21,business,経済,2,週刊SPA!,パチンコホール「ガイア」の倒産が巻き起こした‟パチンコ業界の悪循環”。中小ホールは死活問題に,117,https://news.yahoo.co.jp/articles/1c2d1caf3fa0a0b4963dad1c458fc18637dffa86,5/11(土) 8:30
2024-05-11,10:21,business,経済,3,乗りものニュース,信号が青になっても動かないクルマに「プッ！」何か問題が？ 法的にはどうなのか 「私は待つ」,97,https://news.yahoo.co.jp/articles/7ee36232e97bc01499a85e1fef4b34fac7aa8fd4,5/11(土) 9:42
2024-05-11,10:21,business,経済,4,東京商工リサーチ,「美容室」倒産が急増　1‐4月は最多の46件 人件費や美容資材の価格上昇が経営を直撃,94,https://news.yahoo.co.jp/articles/0525511a9a20662bdf4e261d77edd3a2de00eb3f,5/10(金) 13:26
2024-05-11,10:21,business,経済,5,週刊SPA!,“もはや安くない”鳥貴族。客離れを招いた“相次ぐ値上げ”は悪手だったのか,78,https://news.yahoo.co.jp/articles/e38fe08552ce8a82038a7735ee9571d03f6dca64,5/11(土) 8:54
2024-05-11,10:21,business,経済,6,ITmedia ビジネスオンライン,JR東日本「みどりの窓口削減凍結」に、改めて思うこと,76,https://news.yahoo.co.jp/articles/977cf8c022fe0ecea07f24e1981929ff4d40eed8,5/11(土) 8:40
2024-05-11,10:21,business,経済,7,THE GOLD ONLINE（ゴールドオンライン）,沈むニッポン…税収アップするならどの税を重くする？ もしかしたら数百兆円狙えるかもしれない「富裕層にかかわりの深い税」とは,55,https://news.yahoo.co.jp/articles/b5914b532a38969c4b192cdbef556f52e9485fcb,5/11(土) 9:02
2024-05-11,10:21,business,経済,8,ダイヤモンド・オンライン,【マンガ解説】「安すぎニッポン」は百害あって一利ナシ？円安の加速で日本に何が起きるのか,39,https://news.yahoo.co.jp/articles/7edd5d7a47d4224f9565a2d0f067f1b1755d0b60,5/11(土) 6:02
2024-05-11,10:21,business,経済,9,ベストカーWeb,後席ドアを開けたら後ろから来た自転車とドカン! 「後席にもミラーがあれば」と思ったらAmazonで売ってた!,38,https://news.yahoo.co.jp/articles/85d7ff9c43ae202367794370dbb24362a531a97b,5/11(土) 7:00
2024-05-11,10:21,business,経済,10,WWDJAPAN.com,資生堂ジャパン、早期退職募集に1477人が応募　180億円を費用計上,37,https://news.yahoo.co.jp/articles/29618ea26f776a1900284da80018dca83bc06553,5/10(金) 16:48
2024-05-11,10:21,business,経済,11,マネーポストWEB,土日は絶対休めない仕事に従事する人たちが口を揃える“ダントツに鬱陶しい”こと,34,https://news.yahoo.co.jp/articles/d89ce199ac9c6ff24d0bf29e7cb37eb9e1403772,5/10(金) 16:15
2024-05-11,10:21,business,経済,12,ダイヤモンド・オンライン,【スクープ】創業270年超の名門百貨店が私的整理へ！「お手盛り」再生計画に疑問の声も,31,https://news.yahoo.co.jp/articles/d3dd5587d01de565ada26bd8e2f6a5eab351f2bd,5/11(土) 5:56
2024-05-11,10:21,business,経済,13,東洋経済オンライン,「敵国攻撃能力」を備えて日本は何を狙うのか,29,https://news.yahoo.co.jp/articles/600a408706739c2ad6b0c8f486561a82b43e0805,5/11(土) 6:02
2024-05-11,10:21,business,経済,14,テレビ朝日系（ANN）,「植田総裁はぐずぐずせず利上げするべき」SBI北尾氏　歴史的な円安状況に苦言,29,https://news.yahoo.co.jp/articles/0804d7460ef11199be0148589bb638705c753950,5/10(金) 23:05
2024-05-11,10:21,business,経済,15,Merkmal,国鉄民営化の公約「明るく親切な窓口」は結局、守られたのか？ 1986年自民党「意見広告」を問う,28,https://news.yahoo.co.jp/articles/019a22e2c2301a1cda6d4f1706b6da1f46c78954,5/11(土) 6:11
2024-05-11,10:21,business,経済,16,ニューズウィーク日本版,日本人は、大阪万博でも「太平洋戦争と同じ失敗」を繰り返した…国の衰退を招く「特徴的な弱み」を正せ,27,https://news.yahoo.co.jp/articles/6496be3a3563805dbe87a04141376523e723d44a,5/10(金) 19:42
2024-05-11,10:21,business,経済,17,Merkmal,新型「フェアレディZ」「ロードスター」が絶賛されればされるほど、スポーツカーの“落日”が浮き彫りになる皮肉現実,24,https://news.yahoo.co.jp/articles/864c4537d2ea76750fb8ee2532ed86e93b3530e4,5/11(土) 8:11
2024-05-11,10:21,business,経済,18,毎日新聞,米、中国製EVへの関税4倍に　100％、対中制裁関税見直しで,23,https://news.yahoo.co.jp/articles/1d95b0e18a6e8713b513a0b953cc4205fd6906e4,5/11(土) 9:06
2024-05-11,10:21,business,経済,19,共同通信,セガサミー、宮崎シーガイア売却　米ファンドに,22,https://news.yahoo.co.jp/articles/0eb1793a67813734d6fc07db3ee37a848a9a49c8,5/10(金) 11:59
2024-05-11,10:21,business,経済,20,産経新聞,常態化する国際収支の「デジタル赤字」　巨大ＩＴへのドル払い増で円安圧力に,22,https://news.yahoo.co.jp/articles/4ba60fb3f3f0006e40db6aee4bf40f07e6137044,5/10(金) 20:02
2024-05-11,10:21,business,経済,21,現代ビジネス,カレンダーめくり忘れで激怒、付箋の貼り方で1時間説教…「完璧主義で細かすぎる人」のヤバい実態,22,https://news.yahoo.co.jp/articles/f1c4606fefab51486b82ef7403412ce3d9d64778,5/11(土) 6:33
2024-05-11,10:21,business,経済,22,読売新聞オンライン,「イズミ」と「イオン九州」スーパー業界・九州の陣…サニー買収と福岡集中出店で覇権争い,20,https://news.yahoo.co.jp/articles/d1e5614d26ac3feda7b90fba92c88b7790222c2d,5/11(土) 8:04
2024-05-11,10:21,business,経済,23,東洋経済オンライン,「ショックを受けた」「下品すぎる」Appleのプロモーション動画に批判殺到。しかし、燃えたのはほぼ日本だけその理由は？,19,https://news.yahoo.co.jp/articles/43a77ac70df2b941a25039261b00eb30b90deabe,5/10(金) 16:32
2024-05-11,10:21,business,経済,24,毎日新聞,「為替介入観測」後でも円安トレンドが継続するワケ,18,https://news.yahoo.co.jp/articles/46dd86225e0a27410f78c0445f1696a932c89356,5/11(土) 9:30
2024-05-11,10:21,business,経済,25,ニッポン放送,物価高を進める円安　「天然ガスや石炭の輸入額が年間最大7兆円膨らんでいるのも要因のひとつ」石川和男が指摘,18,https://news.yahoo.co.jp/articles/ed01d350bc82f436eb9e226b9ae3192a38fe8b22,5/11(土) 9:00
2024-05-11,10:21,business,経済,26,LIMO,子ども・孫に勤めてほしい企業1位は「国家公務員」！年収・退職金はいくら？,18,https://news.yahoo.co.jp/articles/f992781424a82f651e56b6957c3d4cab63525240,5/11(土) 6:37
2024-05-11,10:21,business,経済,27,現代ビジネス,意外と多い、自分のことを「特別」だと思い込む人の「深い闇」,18,https://news.yahoo.co.jp/articles/7b3ff5db58ff470611e45bfe89f2ee89cbe4ba7a,5/11(土) 8:03
2024-05-11,10:21,business,経済,28,ダイヤモンド・オンライン,親世代の価値観に従っていると「損」をする時代がやって来た,18,https://news.yahoo.co.jp/articles/34feb9ac9537856b0f59c757caee2b4b85c21169,5/11(土) 6:02
2024-05-11,10:21,business,経済,29,くるまのニュース,伊藤かずえの愛車、“30年以上”乗り続ける「シーマ」だけじゃなかった!? まさかの「もう1台の愛車」登場！ 6か月点検の様子を報告,17,https://news.yahoo.co.jp/articles/8dfb83278014b019db4412a0bd3683a25df8bba8,5/11(土) 6:10
2024-05-11,10:21,business,経済,30,プレジデントオンライン,ヨーカドーの跡地が「世界最大級の無印良品」に…過疎地の商業モールを復活させた「社会的品揃え」の魅力,16,https://news.yahoo.co.jp/articles/d1a5d32deea1a8c0ac3fa7db880db6cc6c5b71c6,5/11(土) 9:17
2024-05-11,10:21,business,経済,31,みんかぶマガジン,なぜ井上尚弥は人を熱狂させるのか…ネリ戦報酬は10億円、日本市場最大のピーク視聴数を記録！見えた、400億円巨額ファイトマネー,16,https://news.yahoo.co.jp/articles/6b88c8f6298de4a5e7f586f82504a568ecf88889,5/11(土) 9:10
2024-05-11,10:21,business,経済,32,毎日新聞,転勤辞令が出たら…7割が「退職考える」　共働き増加で　民間調査,16,https://news.yahoo.co.jp/articles/d89a0638d300d98ea5b23cf1e3f89adc66b6886a,5/10(金) 11:30
2024-05-11,10:21,business,経済,33,共同通信,米、中国EV関税4倍に　税率100％へ上げと報道,16,https://news.yahoo.co.jp/articles/cc1847419bc76277741dd1044e2b4e548fdfbb23,5/11(土) 5:44
2024-05-11,10:21,business,経済,34,日刊ゲンダイDIGITAL,FXのスワップポイントが米ドル預金より有利と再注目浴びる 問題は為替変動,15,https://news.yahoo.co.jp/articles/37d2f4a21d9110e4b6813294445a13c9d8c109a2,5/11(土) 9:06
2024-05-11,10:21,business,経済,35,レスポンス,そのホイール角度って意味あるの!? タイヤをハの字にする理由とは～カスタムHOW TO～,15,https://news.yahoo.co.jp/articles/4f578bf26b247072086206336d73252c6cf10032,5/11(土) 6:30
2024-05-11,10:21,business,経済,36,くるまのニュース,どっちが優先？ 信号の無い十字路で迷いがち！ 何があれば優先道路なの？ 見分けるポイントとは,14,https://news.yahoo.co.jp/articles/f7aec258b36afd6f411bc831f611ec3da5a71e54,5/11(土) 9:10
2024-05-11,10:21,business,経済,37,日刊ゲンダイDIGITAL,裏金を自民は絶対手放さない！政治資金規正法改正「与党案」政活費“温存合意”でクッキリ,14,https://news.yahoo.co.jp/articles/288bb6d58adb5fe859b921121801ff8a5d89a106,5/10(金) 11:46
2024-05-11,10:21,business,経済,38,夕刊フジ,いま日本で生じている「人手不足」現象　大学生アルバイトが激減、給料だけではない「非金銭的報酬」がカギを握る時代へ,14,https://news.yahoo.co.jp/articles/5841afdda45ee33f32343bab085983f799c9dfa5,5/10(金) 17:00
2024-05-11,10:21,business,経済,39,Yahoo!ニュース オリジナル 特集,「100均」セリアは女性管理職が50％超　社長肝いりのデータ化がもたらした働きやすさとは？ #令和に働く,14,https://news.yahoo.co.jp/articles/2f6d93ea94368f6f2f05a2e517807e8690aa5cb6,5/10(金) 18:54
2024-05-11,10:21,business,経済,40,日刊ゲンダイDIGITAL,キャンプバブルに浮かれすぎた？「スノーピーク」が99%減益で非上場化も…再編は波高し（小林佳樹）,13,https://news.yahoo.co.jp/articles/374f6fbc3e345ca34b7bc01ac5eeee57af610962,5/11(土) 9:06
