scrp_date,scrp_time,genre_en,genre_jp,rank,media_jp,title,comment,link,date_original
2025-02-27,08:07,business,経済,1,東洋経済オンライン,「行田にスタバはまだ早かったか」「反対してる人はごく少数なのに」との声も…。スタバ「市民の反対で出店中断」に見る“公園の変容”,143,https://news.yahoo.co.jp/articles/b2146cc8c8f7a873dfdbccfee209f5b80481395a,2/27(木) 6:36
2025-02-27,08:07,business,経済,2,読売新聞オンライン,セブン＆アイ、ＭＢＯ断念へ…１兆円規模の出資を伊藤忠が断念・「主軸」失い資金確保にめど立たず,109,https://news.yahoo.co.jp/articles/14cedc0cb17d355aa85e81597a770faae5714138,2/27(木) 5:01
2025-02-27,08:07,business,経済,3,現代ビジネス,日本の新聞がなくなる日…「この20年で2000万部激減」もう止められない深刻事態,101,https://news.yahoo.co.jp/articles/7d28b82bfa8fb4cb18c0269f058abe85e39c974a,2/27(木) 6:01
2025-02-27,08:07,business,経済,4,毎日新聞,「無責任すぎる」　結婚式場が突然の破産手続き、困惑する関係者,86,https://news.yahoo.co.jp/articles/709f17bc5ba33f0f1109666611ee06cfc334ded1,2/26(水) 20:55
2025-02-27,08:07,business,経済,5,東洋経済オンライン,自公維の合意ににじむ「吉村維新」の“前途多難”　「大阪党」の限界露呈、参院選も厳しい戦いに,75,https://news.yahoo.co.jp/articles/46ba755c03f2b94f09fd259075faf929aa73d1e4,2/27(木) 5:51
2025-02-27,08:07,business,経済,6,ビジネス＋IT,コメ価格が「過去最大上昇」本当の理由、転売や備蓄米放出時期どころではない大失敗,50,https://news.yahoo.co.jp/articles/108c43a970995145872f6bd8c67c99d36f37d77b,2/27(木) 7:10
2025-02-27,08:07,business,経済,7,東洋経済オンライン,「死ぬまで踏み台」「報われない世代」と言ってたのに…Nキャス「氷河期世代」特集が“笑顔”で炎上の背景,46,https://news.yahoo.co.jp/articles/40a9dba49fb97e4a68be5cf99328c4e6309470ac,2/27(木) 6:17
2025-02-27,08:07,business,経済,8,毎日新聞,アメリカで米5キロ2100円　日本より安い「価格逆転」の驚き,41,https://news.yahoo.co.jp/articles/60d38c6b292327acbddd69329f7d31ad6819e329,2/27(木) 6:00
2025-02-27,08:07,business,経済,9,共同通信,新築マンション、6千万円超に　24年、全国平均2.9％上昇,35,https://news.yahoo.co.jp/articles/f8032f8df4180621243a6b7ab1363b8183732ac4,2/26(水) 15:14
2025-02-27,08:07,business,経済,10,東洋経済オンライン,「自民党への直近3年の献金額が多い企業」ランキングTOP53社、合計1億円超えは6社,32,https://news.yahoo.co.jp/articles/f6df146e1a404d3a61161c6b9d38ba9f8097b4d2,2/27(木) 5:32
2025-02-27,08:07,business,経済,11,共同通信,鉄鋼労組、USスチールを告発　日鉄買収、反対意見を威圧と主張,31,https://news.yahoo.co.jp/articles/c4ff545b3022be3defe4443730b44274e016d8a0,2/26(水) 8:00
2025-02-27,08:07,business,経済,12,読売新聞オンライン,セブン＆アイの買収対抗ＭＢＯ、伊藤忠が出資を断念…１兆円規模検討も相乗効果見込めず,30,https://news.yahoo.co.jp/articles/e1a033f7a31b887e67a19ca1bf19f54253d50f70,2/26(水) 16:58
2025-02-27,08:07,business,経済,13,ITmedia ビジネスオンライン,デニーズ「1400円ラーメン」が好調　「1000円の壁」乗り越えた要因は？,29,https://news.yahoo.co.jp/articles/cd43c432cae1470699d693e9b3d5af75fbde8c2a,2/27(木) 6:10
2025-02-27,08:07,business,経済,14,THE GOLD ONLINE（ゴールドオンライン）,氷河期世代、さらなる冷遇で終了…あと15年で日本人が直面する「恐ろしい悲劇」,29,https://news.yahoo.co.jp/articles/acf3c1ac919b101cdb66948c1ff916932056c82f,2/26(水) 16:02
2025-02-27,08:07,business,経済,15,くるまのニュース,まもなく「マイナ免許証」スタート！ 一体化で何が変わる？「紛失時や取締り時はどうなる？」 ユーザーの疑問を警察庁に聞いてみた！免許保有者への影響はいかに,29,https://news.yahoo.co.jp/articles/59df4f11371ebe7a59186e3d06540702f9f38b64,2/26(水) 9:10
2025-02-27,08:07,business,経済,16,プレジデントオンライン,だから資生堂は「108億円の大赤字」に転落した…中国市場に注力している間に失った「本当に大切な顧客」,27,https://news.yahoo.co.jp/articles/a5561206a961b9db03122d7727f42917a9062084,2/26(水) 11:47
2025-02-27,08:07,business,経済,17,帝国データバンク,福岡県の大手結婚式場運営業者のアルカディアが自己破産申請へ,25,https://news.yahoo.co.jp/articles/74ba5c82a0a70b99f805443ad6cb9238e8ab0ce7,2/26(水) 8:50
2025-02-27,08:07,business,経済,18,集英社オンライン,なぜ中国でEVは売れているのか？　のシンプルすぎる答え「車両価格、燃費、保険、メンテナンス費用など全てをひっくるめると…」,22,https://news.yahoo.co.jp/articles/a243b2937861a082b876bac6e62af380e8179123,2/27(木) 7:02
2025-02-27,08:07,business,経済,19,Merkmal,電車内のリュック、もはや「前抱え」も迷惑扱い！ 終わらぬ論争に終止符打てるのか？ 迷惑行為ランキング常連問題を再考する,22,https://news.yahoo.co.jp/articles/d11f6827d147c8ed33ac4b263f7a329958dafae4,2/26(水) 11:51
2025-02-27,08:07,business,経済,20,日刊ゲンダイDIGITAL,大阪万博「歯抜け開幕」ますます現実味…海外パビリオン完成たった6カ国、当日券導入“助け舟”の皮肉,22,https://news.yahoo.co.jp/articles/79805294e9c0063a42c5ef33c554f52c61642023,2/26(水) 10:58
2025-02-27,08:07,business,経済,21,読売新聞オンライン,エヌビディア決算、売上高・最終利益が四半期として過去最高…２４年１１月～２５年１月期,21,https://news.yahoo.co.jp/articles/9b829ff6404b3aac11d97e0cea5bd8bded628910,2/27(木) 6:43
2025-02-27,08:07,business,経済,22,テレビ朝日系（ANN）,「理想の上司」大谷翔平選手は2位　「理想の新入社員」で将棋の藤井聡太七冠が初の1位,20,https://news.yahoo.co.jp/articles/a2c4b3448359c5ecd7ce3c2bb4ed015b1e66cc37,2/26(水) 11:00
2025-02-27,08:07,business,経済,23,Bloomberg,トランプ氏がアップルに圧力、ＤＥＩ廃止を求める－株主総会否決受け,17,https://news.yahoo.co.jp/articles/b8cd9f83ad99d8752c34af990b058344767ed1e3,2/26(水) 23:26
2025-02-27,08:07,business,経済,24,ITmedia ビジネスオンライン,「廃棄される牛」に再び光を　仕入れコスト3分の1で黒毛和牛を提供可能に　社長が語った“苦い記憶”とは,16,https://news.yahoo.co.jp/articles/70b8e4a50481b0e0beff3a79ab1b23a64a9ad149,2/27(木) 7:15
2025-02-27,08:07,business,経済,25,ロイター,ゆうちょ銀「上乗せ規制」緩和へ、郵政が保有株6000億円規模売却＝関係者,16,https://news.yahoo.co.jp/articles/7a185a5fd376ad67d2775f7aa68ea025ec251636,2/26(水) 11:33
2025-02-27,08:07,business,経済,26,THE GOLD ONLINE（ゴールドオンライン）,年金の繰上げなんてするんじゃなかった…退職後、60歳から「月9万円」の年金を受け取り始めた元会社員。6年後の今になって猛烈に後悔するワケ,15,https://news.yahoo.co.jp/articles/607ac24fb38dabbad5955a5f03b3ed135735264f,2/26(水) 11:02
2025-02-27,08:07,business,経済,27,現代ビジネス,政府が日本経済を破壊した…故・森永卓郎さんが指摘した、大恐慌時代に日本政府が行った”最悪な財政”,14,https://news.yahoo.co.jp/articles/4109da3b9ef9fba465b66cae007260944b8c9b63,2/27(木) 7:01
2025-02-27,08:07,business,経済,28,乗りものニュース,名乗り上げた国とは？「ロシアン・ステルス」初の外国輸出 でも“販売成功”には程遠いワケ,14,https://news.yahoo.co.jp/articles/81b682301895c1d223ed1f696272e874f2224a4e,2/27(木) 6:12
2025-02-27,08:07,business,経済,29,東洋経済オンライン,「戦闘モード」への転換を宣言したが…「支持率低迷」立憲民主・野田代表の問われる手腕,14,https://news.yahoo.co.jp/articles/47e8c698c416b1c3efb25464f55de0dfb7726ef3,2/26(水) 14:02
2025-02-27,08:07,business,経済,30,ロイター,ガザで新生児6人凍死、中東に寒波　病院が住宅など支援訴え,14,https://news.yahoo.co.jp/articles/297d5d2b21e12c02e9dfb62cbde7efcfd749ce4b,2/26(水) 10:42
2025-02-27,08:07,business,経済,31,日刊ゲンダイDIGITAL,大阪万博の目玉 344億円の巨大木造リングはほぼフィンランド産…「日本の森林再生のため」の嘘っぱち,14,https://news.yahoo.co.jp/articles/90a805cff4c22e7d8ace0a8b91ec87fbb0ea6ab9,2/26(水) 9:06
2025-02-27,08:07,business,経済,32,Merkmal,年収400万円台時代、クルマはもう「贅沢品」なのか？ 維持費「月2万円超え」6割という現実！ 手放すのは損か得か,13,https://news.yahoo.co.jp/articles/e4a410678041e2bc5a526ea1f7dfb8d0c7f506cf,2/26(水) 20:51
2025-02-27,08:07,business,経済,33,ダイヤモンド・ザイ,バブル期には住宅ローン金利が8％以上に！ 低金利長期化で日本人の多くが金利上昇リスクを忘れている。日本の金利が本格上昇するとローン破綻急増の恐れ,13,https://news.yahoo.co.jp/articles/fbcee7f8ac93e9627b98db305e12da86f9fbae1f,2/26(水) 21:02
2025-02-27,08:07,business,経済,34,TBS NEWS DIG Powered by JNN,「年収の壁」を160万円まで引き上げる法案、与党だけで提出する方針　自民・公明・国民民主3党の協議は打ち切りとなる見通し,13,https://news.yahoo.co.jp/articles/0708d1af3ffdecae1f9ebfd45e3839557d0afcf3,2/26(水) 22:24
2025-02-27,08:07,business,経済,35,現代ビジネス,フジ・メディアHDは潰れない！しかしフジテレビは…財務分析のプロが懸念する、株主主導の「最悪の末路」,12,https://news.yahoo.co.jp/articles/04487c866cedf8761d5ef3bf24cbb55ef56941f9,2/27(木) 7:01
2025-02-27,08:07,business,経済,36,現代ビジネス,日本はどうなってしまうのか…人口激減で”ヤバい危機”を乗り越える「たったひとつの方法」,12,https://news.yahoo.co.jp/articles/f1e6e43fd82f83306505ffd265219727c1ac96e4,2/27(木) 7:01
2025-02-27,08:07,business,経済,37,ITmedia ビジネスオンライン,「ゲオのスウェット 658円」の衝撃　ペラペラなのに、なぜ「週に1万着」も売れるのか,12,https://news.yahoo.co.jp/articles/896299a1e4f73a91c17245fe11d04e9850e2aed8,2/27(木) 6:10
2025-02-27,08:07,business,経済,38,Merkmal,トラックドライバー激怒？ 高速道路「定額料金」になったらどう思う？ 物流業界の安定化と公平性を問う,12,https://news.yahoo.co.jp/articles/f976b71435714b2c18b5c3677428e5bb4c140d10,2/27(木) 5:51
2025-02-27,08:07,business,経済,39,ベストカーWeb,まさか[新型CX-5]に搭載か? マツダが冷却水を屋根に流すぶっ飛んだ特許を公開!,12,https://news.yahoo.co.jp/articles/c4bf14ad86a09469e569114c926e844d3824e4fd,2/26(水) 10:00
2025-02-27,08:07,business,経済,40,ダイヤモンド・オンライン,マクドナルドが「安さの象徴」を脱し、過去最高益を達成できたワケ,11,https://news.yahoo.co.jp/articles/4f1c10726fe2806e3f6b01d7b168234ce33d14cb,2/27(木) 6:02
