scrp_date,scrp_time,genre_en,genre_jp,rank,media_jp,title,comment,link,date_original
2026-08-20,23:42,business,経済,1,朝日新聞,N/A,326,https://news.yahoo.co.jp/articles/6148c4c06979965db4486ede9109b86e998dbb2b,8/20(木) 17:00
2026-08-20,23:42,business,経済,2,朝日新聞,N/A,253,https://news.yahoo.co.jp/articles/a760a4f099b81ef05c1708c35eeb4a36f02cb354,8/20(木) 19:50
2026-08-20,23:42,business,経済,3,TBS NEWS DIG Powered by JNN,N/A,251,https://news.yahoo.co.jp/articles/bef36df62a7257648944033734213566a31c2a9c,8/20(木) 22:24
2026-08-20,23:42,business,経済,4,SPA!,N/A,239,https://news.yahoo.co.jp/articles/a337631c168d79890a3187dcd68bf13ecf0fa609,8/20(木) 8:53
2026-08-20,23:42,business,経済,5,TBS NEWS DIG Powered by JNN,N/A,76,https://news.yahoo.co.jp/articles/baac40e3ac62ad26cb1c17581c30d7acc1a48de6,8/20(木) 21:09
2026-08-20,23:42,business,経済,6,東京商工リサーチ,N/A,69,https://news.yahoo.co.jp/articles/7dff33f4d0d3f897ec5b04a1052fe5eec2bd416e,8/20(木) 14:44
2026-08-20,23:42,business,経済,7,TBS NEWS DIG Powered by JNN,N/A,53,https://news.yahoo.co.jp/articles/c7090552210914c060eeacd6b4d9ffb17db90a0c,8/20(木) 14:25
2026-08-20,23:42,business,経済,8,共同通信,N/A,49,https://news.yahoo.co.jp/articles/d276ae104e2bcd5e447b33b4028d1759b6cc4956,8/20(木) 22:00
2026-08-20,23:42,business,経済,9,プレジデントオンライン,N/A,38,https://news.yahoo.co.jp/articles/03271edb3c40d5b3af5fa8610d1313cf54f95155,8/20(木) 6:15
2026-08-20,23:42,business,経済,10,鉄道コム,N/A,36,https://news.yahoo.co.jp/articles/e766e7da809c43d5530c1e5466583834845a1c06,8/20(木) 14:19
2026-08-20,23:42,business,経済,11,産経新聞,N/A,34,https://news.yahoo.co.jp/articles/87cd1ac6ef645ec387fa1d88e3d3228f234b59f1,8/20(木) 13:53
2026-08-20,23:42,business,経済,12,日本農業新聞,N/A,32,https://news.yahoo.co.jp/articles/d93f430ca17ee524708bdd9c58827a0d97a3d035,8/20(木) 7:20
2026-08-20,23:42,business,経済,13,東洋経済オンライン,N/A,26,https://news.yahoo.co.jp/articles/cf0a76ba825585d263ecd3d6989e5b5858ec56a6,8/20(木) 16:30
2026-08-20,23:42,business,経済,14,THE GOLD ONLINE（ゴールドオンライン）,N/A,21,https://news.yahoo.co.jp/articles/72d8beb30401ae8318d6c0f39a1a6c4121a57ea9,8/20(木) 10:00
2026-08-20,23:42,business,経済,15,ハフポスト日本版,N/A,18,https://news.yahoo.co.jp/articles/c126c9ce99a011bbf7d4fa8235e143ce365f03ce,8/20(木) 7:41
2026-08-20,23:42,business,経済,16,共同通信,N/A,18,https://news.yahoo.co.jp/articles/3aca3f69aeb95d0cfe318bbb9ead560892e3b32a,8/20(木) 6:17
2026-08-20,23:42,business,経済,17,TBS CROSS DIG with Bloomberg,N/A,17,https://news.yahoo.co.jp/articles/1b03da318e680bd5f92bb9e6c8229d091ea8f128,8/20(木) 9:02
2026-08-20,23:42,business,経済,18,ITmedia ビジネスオンライン,N/A,16,https://news.yahoo.co.jp/articles/ae9752760fba0222d3b49d187576006f8cbafbe6,8/20(木) 6:10
2026-08-20,23:42,business,経済,19,FNNプライムオンライン,N/A,16,https://news.yahoo.co.jp/articles/e994ebb70d294c14dae4b488391e18282c31d994,8/20(木) 21:02
2026-08-20,23:42,business,経済,20,共同通信,N/A,15,https://news.yahoo.co.jp/articles/fba8790ea4f3c614b63764d19a5f93dafa6fa529,8/20(木) 18:13
2026-08-20,23:42,business,経済,21,テレビ朝日系（ANN）,N/A,15,https://news.yahoo.co.jp/articles/797a7189d47bb2becd006f562effb98e29a797b4,8/20(木) 11:27
2026-08-20,23:42,business,経済,22,共同通信,N/A,14,https://news.yahoo.co.jp/articles/fcf56a34fb96e8039ca81b0ffc40dc49d0c9f69d,8/20(木) 22:27
2026-08-20,23:42,business,経済,23,共同通信,N/A,14,https://news.yahoo.co.jp/articles/4001a8493fc5df0cdcea0690e326be265e38f2b2,8/20(木) 18:43
2026-08-20,23:42,business,経済,24,ファイナンシャルフィールド,N/A,13,https://news.yahoo.co.jp/articles/75bd1498261e8301e471005071e03d43a417362f,8/20(木) 13:50
2026-08-20,23:42,business,経済,25,時事通信,N/A,13,https://news.yahoo.co.jp/articles/13ca12f6f52ff222b8284bb389141a16eb9918c0,8/20(木) 20:06
2026-08-20,23:42,business,経済,26,FNNプライムオンライン（フジテレビ系）,N/A,13,https://news.yahoo.co.jp/articles/da8322d25ed80065bbca558d161a2636feb58554,8/20(木) 16:52
2026-08-20,23:42,business,経済,27,産経新聞,N/A,13,https://news.yahoo.co.jp/articles/6659d062c6a4fbd3cdb16a10b0e3bb7ed88ed103,8/20(木) 21:05
2026-08-20,23:42,business,経済,28,ファイナンシャルフィールド,N/A,12,https://news.yahoo.co.jp/articles/b3af7a74a7e7f3e767b57e084c652c9704861de9,8/20(木) 19:50
2026-08-20,23:42,business,経済,29,朝日新聞,N/A,12,https://news.yahoo.co.jp/articles/f5d862e4741cb600284ed5637cf34c0cdf898f71,8/20(木) 18:00
2026-08-20,23:42,business,経済,30,税理士ドットコム,N/A,11,https://news.yahoo.co.jp/articles/43a2bd6246c526e85432ae77c9162f990b6daeca,8/20(木) 18:40
2026-08-20,23:42,business,経済,31,朝日新聞,N/A,11,https://news.yahoo.co.jp/articles/cabf340f388531227f532d618f4945d858723146,8/20(木) 17:00
2026-08-20,23:42,business,経済,32,産経新聞,N/A,11,https://news.yahoo.co.jp/articles/5880721ec735a8f6b7b0a44d51190643690831c3,8/20(木) 15:02
2026-08-20,23:42,business,経済,33,TBS NEWS DIG Powered by JNN,N/A,11,https://news.yahoo.co.jp/articles/2a4760110ad2cfc926c34ea378ca2da5ee38ef09,8/20(木) 20:11
2026-08-20,23:42,business,経済,34,くるまのニュース,N/A,10,https://news.yahoo.co.jp/articles/a6abe686f5d237b1591fa0ebad0e237a296617e4,8/20(木) 11:10
2026-08-20,23:42,business,経済,35,時事通信,N/A,10,https://news.yahoo.co.jp/articles/670524b378769f0103e381da3725df26138d3b17,8/20(木) 20:00
2026-08-20,23:42,business,経済,36,ダイヤモンド・オンライン,N/A,9,https://news.yahoo.co.jp/articles/db1b0a0a705ae9f52f7191ff9e02f30c051f561d,8/20(木) 7:45
2026-08-20,23:42,business,経済,37,共同通信,N/A,9,https://news.yahoo.co.jp/articles/7e6cd55da02d509991b4962639a3fa219d3c3909,8/20(木) 15:56
2026-08-20,23:42,business,経済,38,Bloomberg,N/A,9,https://news.yahoo.co.jp/articles/6ef9606ebe962374c01dba6f2e53b7a4bff1901f,8/20(木) 6:16
2026-08-20,23:42,business,経済,39,ファイナンシャルフィールド,N/A,9,https://news.yahoo.co.jp/articles/2dc42feaab725b3ee6c3a0b2987c951c3b8ddcd0,8/20(木) 13:50
2026-08-20,23:42,business,経済,40,ダイヤモンド・オンライン,N/A,8,https://news.yahoo.co.jp/articles/c5e160d219b7c22e1d4bff316fd7411b671cbd04,8/20(木) 6:00
