scrp_date,scrp_time,genre_en,genre_jp,rank,media_jp,title,comment,link,date_original
2026-06-22,10:24,business,経済,1,テレビ朝日系（ANN）,N/A,259,https://news.yahoo.co.jp/articles/7641362dd7a000fe294232b7f98cb5133a4f30b7,6/22(月) 9:37
2026-06-22,10:24,business,経済,2,集英社オンライン,N/A,196,https://news.yahoo.co.jp/articles/a08b1214d7824c90457945d077c8bacff9ceaeef,6/22(月) 7:00
2026-06-22,10:24,business,経済,3,ITmedia ビジネスオンライン,N/A,82,https://news.yahoo.co.jp/articles/310a45f74a5d0d5482977be0064b00508c61cc1d,6/22(月) 5:35
2026-06-22,10:24,business,経済,4,プレジデントオンライン,N/A,69,https://news.yahoo.co.jp/articles/c68839da71d4fc654bff60bfef792da94bdeba66,6/22(月) 6:15
2026-06-22,10:24,business,経済,5,TBS CROSS DIG with Bloomberg,N/A,60,https://news.yahoo.co.jp/articles/215b013a2b48793b83d053de2fa30a38efe0618b,6/22(月) 4:02
2026-06-22,10:24,business,経済,6,プレジデントオンライン,N/A,52,https://news.yahoo.co.jp/articles/68cc40505c37ace0ffa0017b43b56e432b648b76,6/22(月) 9:15
2026-06-22,10:24,business,経済,7,ファイナンシャルフィールド,N/A,43,https://news.yahoo.co.jp/articles/3d064d6249cb8a908177c652486831588d843a2b,6/21(日) 13:50
2026-06-22,10:24,business,経済,8,食品産業新聞社ニュースWEB,N/A,43,https://news.yahoo.co.jp/articles/63cc3c35adf3b9e75b21e5d2abf97eb43696ef24,6/21(日) 12:21
2026-06-22,10:24,business,経済,9,THE GOLD ONLINE（ゴールドオンライン）,N/A,36,https://news.yahoo.co.jp/articles/20cb2f8b372563333a5f60e7d6db2d96e116f41f,6/22(月) 8:00
2026-06-22,10:24,business,経済,10,東洋経済オンライン,N/A,33,https://news.yahoo.co.jp/articles/4dd64504cdcff444bf64d7d0c9aadb7d0204b212,6/22(月) 7:30
2026-06-22,10:24,business,経済,11,J-CASTニュース,N/A,31,https://news.yahoo.co.jp/articles/8de02209b01deb1b1b6dba0c1c1f8afd05dc990e,6/21(日) 17:30
2026-06-22,10:24,business,経済,12,ファイナンシャルフィールド,N/A,30,https://news.yahoo.co.jp/articles/23633b02556de561a0612a65a686128a7dd1969b,6/22(月) 7:50
2026-06-22,10:24,business,経済,13,ファイナンシャルフィールド,N/A,29,https://news.yahoo.co.jp/articles/b1c800c6bb2fa79a735d4c0cbfd1332bdbd764af,6/22(月) 9:30
2026-06-22,10:24,business,経済,14,朝日新聞,N/A,28,https://news.yahoo.co.jp/articles/36f00180dd6a70a8072e6934f2905fc5913ef98b,6/22(月) 7:00
2026-06-22,10:24,business,経済,15,プレジデントオンライン,N/A,26,https://news.yahoo.co.jp/articles/ec7fa33e2f88a541a0de06ede7530cc0a347e142,6/22(月) 6:15
2026-06-22,10:24,business,経済,16,東洋経済オンライン,N/A,24,https://news.yahoo.co.jp/articles/3dad642c3aaf074e27e5a3a8487b3d3fb5fa1a7d,6/22(月) 6:46
2026-06-22,10:24,business,経済,17,マネーポストWEB,N/A,24,https://news.yahoo.co.jp/articles/041baff01d5d9cc3c07be208ae70d436da0e909b,6/21(日) 15:15
2026-06-22,10:24,business,経済,18,東洋経済オンライン,N/A,20,https://news.yahoo.co.jp/articles/ac99f4ba0e9ca566e244f0c97efcc049e10afadb,6/22(月) 5:46
2026-06-22,10:24,business,経済,19,ファイナンシャルフィールド,N/A,19,https://news.yahoo.co.jp/articles/a447f54454e6c645ed1f0a48f68dcc12ef23b682,6/22(月) 8:20
2026-06-22,10:24,business,経済,20,Bloomberg,N/A,19,https://news.yahoo.co.jp/articles/3fab03ba76937ef43fa443664a531813bfbbfa2d,6/22(月) 7:48
2026-06-22,10:24,business,経済,21,36Kr Japan,N/A,18,https://news.yahoo.co.jp/articles/4dbb169ae0749782f30fca561ffb2d2e5aa4ac27,6/22(月) 9:14
2026-06-22,10:24,business,経済,22,ファイナンシャルフィールド,N/A,18,https://news.yahoo.co.jp/articles/e3adb02aad8844ea26908f5aa93d93e7617af3d4,6/21(日) 14:50
2026-06-22,10:24,business,経済,23,Bloomberg,N/A,17,https://news.yahoo.co.jp/articles/d0edffee628a470652fc875df0fb5955d5d69100,6/22(月) 1:41
2026-06-22,10:24,business,経済,24,Merkmal,N/A,15,https://news.yahoo.co.jp/articles/9ccd1f293f266a6ee62c647b592023d0460121d4,6/22(月) 6:21
2026-06-22,10:24,business,経済,25,THE GOLD ONLINE（ゴールドオンライン）,N/A,15,https://news.yahoo.co.jp/articles/31ac3669ede2f448c63ad07e5f2bd700651f2fce,6/22(月) 8:00
2026-06-22,10:24,business,経済,26,Bloomberg,N/A,14,https://news.yahoo.co.jp/articles/86e741978a360e4db26a4264262b0e9e850bd5ea,6/22(月) 8:08
2026-06-22,10:24,business,経済,27,TBS NEWS DIG Powered by JNN,N/A,14,https://news.yahoo.co.jp/articles/6a873dd1dad706f3112238e6b087428340b6d259,6/21(日) 16:06
2026-06-22,10:24,business,経済,28,東洋経済オンライン,N/A,14,https://news.yahoo.co.jp/articles/2197028182330d846f270757767641023b3651fa,6/22(月) 5:00
2026-06-22,10:24,business,経済,29,ファイナンシャルフィールド,N/A,13,https://news.yahoo.co.jp/articles/1c6e3fa135b6a2c4f155035548181de47acc0284,6/22(月) 8:10
2026-06-22,10:24,business,経済,30,ファイナンシャルフィールド,N/A,13,https://news.yahoo.co.jp/articles/55873bf4966e8d37fc5e868680621f2bd2adc932,6/22(月) 8:10
2026-06-22,10:24,business,経済,31,ビジネス＋IT,N/A,13,https://news.yahoo.co.jp/articles/54e2dfa445093f8ff4beb3ab17d88a6610b672db,6/22(月) 6:40
2026-06-22,10:24,business,経済,32,MotorFan,N/A,12,https://news.yahoo.co.jp/articles/70f851c2222edec29dfc34923a709da6669d0201,6/22(月) 7:17
2026-06-22,10:24,business,経済,33,ファイナンシャルフィールド,N/A,12,https://news.yahoo.co.jp/articles/d6f5f636ab57546e4768c8f788b13133163d97fa,6/22(月) 7:40
2026-06-22,10:24,business,経済,34,SPA!,N/A,11,https://news.yahoo.co.jp/articles/007e4f09dec2b1feb31f0845b0cee239e5096926,6/21(日) 15:55
2026-06-22,10:24,business,経済,35,carview！,N/A,11,https://news.yahoo.co.jp/articles/be093e1272e0dcdf199a1ba7867ee1d66d11b2b4,6/22(月) 8:05
2026-06-22,10:24,business,経済,36,東洋経済オンライン,N/A,11,https://news.yahoo.co.jp/articles/6c23afe8444a6cb8f15bfdfea25c3044d87a8b35,6/22(月) 7:30
2026-06-22,10:24,business,経済,37,中部経済新聞,N/A,11,https://news.yahoo.co.jp/articles/bd0fd2589c206dcc2b36544bd63c7dedd985e62c,6/22(月) 5:15
2026-06-22,10:24,business,経済,38,プレジデントオンライン,N/A,10,https://news.yahoo.co.jp/articles/3939107b9385507be86258d58a90b14e25eb6aab,6/22(月) 7:15
2026-06-22,10:24,business,経済,39,LIMO,N/A,10,https://news.yahoo.co.jp/articles/941eb00a497d543d1c5dce7b5d9d08e62d9c41c7,6/22(月) 6:40
2026-06-22,10:24,business,経済,40,THE GOLD ONLINE（ゴールドオンライン）,N/A,10,https://news.yahoo.co.jp/articles/94530252219194461196e5c678f4635b7832a8ef,6/22(月) 7:30
