scrp_date,scrp_time,genre_en,genre_jp,rank,media_jp,title,comment,link,date_original
2026-07-10,05:39,life,ライフ,1,FNNプライムオンライン,N/A,129,https://news.yahoo.co.jp/articles/a892a088f0ece9f60765a8d2b2953073fdde73a1,7/9(木) 18:47
2026-07-10,05:39,life,ライフ,2,ENCOUNT,N/A,48,https://news.yahoo.co.jp/articles/7b47a471748e97d5c4dd98de49b36c442c363283,7/9(木) 11:40
2026-07-10,05:39,life,ライフ,3,Hint-Pot,N/A,41,https://news.yahoo.co.jp/articles/ef540e7ec8cf420d3fc57572abe2e0bd187c1f91,7/9(木) 10:05
2026-07-10,05:39,life,ライフ,4,AERA with Kids＋,N/A,39,https://news.yahoo.co.jp/articles/e7718fb1a013af1a740927501ce1a0154ca389d1,7/9(木) 7:00
2026-07-10,05:39,life,ライフ,5,SPA!,N/A,22,https://news.yahoo.co.jp/articles/fdeb5ea505ef968cf4b9bfc054a56d6a7687a42f,7/9(木) 15:53
2026-07-10,05:39,life,ライフ,6,FORZA STYLE,N/A,19,https://news.yahoo.co.jp/articles/2542331d5c4b55178c46a8f555ad166b0df08c02,7/9(木) 6:00
2026-07-10,05:39,life,ライフ,7,THE GOLD ONLINE（ゴールドオンライン）,N/A,19,https://news.yahoo.co.jp/articles/7099a640595dd50068b295e3d481815ecbe28734,7/9(木) 7:00
2026-07-10,05:39,life,ライフ,8,Yahoo!ニュース ヤフコメ,N/A,15,https://news.yahoo.co.jp/articles/48377759371201a6e1fa9c0ff354f2ec3d797322,7/9(木) 15:00
2026-07-10,05:39,life,ライフ,9,共同通信,N/A,14,https://news.yahoo.co.jp/articles/3dd837c567a16765cefcd44ae2ac786fd0acd64f,7/9(木) 11:12
2026-07-10,05:39,life,ライフ,10,週刊女性PRIME,N/A,13,https://news.yahoo.co.jp/articles/36bdbca20ccdf75ecbafd64aa221a77ad2723791,7/9(木) 16:00
2026-07-10,05:39,life,ライフ,11,ファイナンシャルフィールド,N/A,12,https://news.yahoo.co.jp/articles/dfc0695df27655be64a69239b3bcd5444967ee66,7/9(木) 13:50
2026-07-10,05:39,life,ライフ,12,ピンズバNEWS,N/A,12,https://news.yahoo.co.jp/articles/f99add37fdc7e276ce318e6cc754273e510a18fa,7/9(木) 19:00
2026-07-10,05:39,life,ライフ,13,ねとらぼ,N/A,12,https://news.yahoo.co.jp/articles/3a01eafc46d9f4a2757811e0425c378986710b8f,7/9(木) 20:15
2026-07-10,05:39,life,ライフ,14,まいどなニュース,N/A,11,https://news.yahoo.co.jp/articles/bc0c813a5fe352f7739c2580635fff6f9dd0653d,7/9(木) 6:50
2026-07-10,05:39,life,ライフ,15,SPA!,N/A,11,https://news.yahoo.co.jp/articles/e5af0ea4b211076e5410c8f22ccf62eb8529b760,7/9(木) 15:54
2026-07-10,05:39,life,ライフ,16,with online,N/A,10,https://news.yahoo.co.jp/articles/80ea36b91a2fb7c3f884252fe824bb95abae7bfc,7/9(木) 20:21
2026-07-10,05:39,life,ライフ,17,THE GOLD ONLINE（ゴールドオンライン）,N/A,9,https://news.yahoo.co.jp/articles/5d2a079f33fbad40f2ad402c33ef5b544864acff,7/10(金) 5:00
2026-07-10,05:39,life,ライフ,18,産経新聞,N/A,9,https://news.yahoo.co.jp/articles/7428a7abf5f7605afef1e86d7e205b074dad1414,7/9(木) 17:47
2026-07-10,05:39,life,ライフ,19,毎日新聞,N/A,9,https://news.yahoo.co.jp/articles/32dbf815963c5d332fac00fe2798becc086e2d1f,7/9(木) 19:42
2026-07-10,05:39,life,ライフ,20,ねとらぼ,N/A,9,https://news.yahoo.co.jp/articles/72f4b5eae4de1fd301c388845815b734a229bf0f,7/9(木) 22:00
2026-07-10,05:39,life,ライフ,21,ねとらぼ,N/A,8,https://news.yahoo.co.jp/articles/558b7518c3dc450c6fde4240d50e1bc0ed561f8c,7/9(木) 11:45
2026-07-10,05:39,life,ライフ,22,ねとらぼ,N/A,8,https://news.yahoo.co.jp/articles/d96e121be3873daf888ee48ce8389926f28e1da4,7/9(木) 19:15
2026-07-10,05:39,life,ライフ,23,プレジデントオンライン,N/A,8,https://news.yahoo.co.jp/articles/3be2e337a27dd9d6c6d02acef76f172f2474f225,7/9(木) 19:15
2026-07-10,05:39,life,ライフ,24,ほ・とせなNEWS,N/A,8,https://news.yahoo.co.jp/articles/893dd99489fdab85ccc8e85acd8006f91eac2e90,7/9(木) 19:24
2026-07-10,05:39,life,ライフ,25,THE GOLD ONLINE（ゴールドオンライン）,N/A,7,https://news.yahoo.co.jp/articles/13c91eb2860ada2a2bc00a331bfc86707362ad3a,7/9(木) 9:00
2026-07-10,05:39,life,ライフ,26,オリコン,N/A,7,https://news.yahoo.co.jp/articles/170f3d18e0d0d6d6f721637c571c9bd54e042f71,7/9(木) 7:50
2026-07-10,05:39,life,ライフ,27,大手小町（読売新聞）,N/A,7,https://news.yahoo.co.jp/articles/a92fb916a2477883ed567e903c5f10e2f29f7120,7/9(木) 12:20
2026-07-10,05:39,life,ライフ,28,文春オンライン,N/A,7,https://news.yahoo.co.jp/articles/9aa234ba4467e01b8cd4d64c764782fc8bce548b,7/9(木) 8:15
2026-07-10,05:39,life,ライフ,29,介護ポストセブン,N/A,7,https://news.yahoo.co.jp/articles/f1225dbc414e62b8313aac297126f1b712ae4293,7/9(木) 11:15
2026-07-10,05:39,life,ライフ,30,THE GOLD ONLINE（ゴールドオンライン）,N/A,7,https://news.yahoo.co.jp/articles/0e74e2c6f77df8a0cdcc6c72872b12c37e6d02fe,7/9(木) 10:00
2026-07-10,05:39,life,ライフ,31,ピンズバNEWS,N/A,7,https://news.yahoo.co.jp/articles/c8e1842e58d92f12b7b50cfdd7259fddd953c499,7/9(木) 11:00
2026-07-10,05:39,life,ライフ,32,ピンズバNEWS,N/A,6,https://news.yahoo.co.jp/articles/9fe557249df06d6725eb924bd046a009795cb2e6,7/9(木) 6:30
2026-07-10,05:39,life,ライフ,33,ねとらぼ,N/A,6,https://news.yahoo.co.jp/articles/3aabe6644c8365b25977c406763408924c7c2fb3,7/9(木) 8:00
2026-07-10,05:39,life,ライフ,34,ハフポスト日本版,N/A,6,https://news.yahoo.co.jp/articles/46679606682f15c4f7d01b0f56c99d70f8723014,7/9(木) 15:37
2026-07-10,05:39,life,ライフ,35,KURU KURA（くるくら）,N/A,6,https://news.yahoo.co.jp/articles/4c03033a90010360e6b3b9b3c4e45b51a21bac5d,7/9(木) 14:16
2026-07-10,05:39,life,ライフ,36,ねとらぼ,N/A,6,https://news.yahoo.co.jp/articles/dc4de03c399c0a29ae4d672e832703a393d48f9d,7/9(木) 20:10
2026-07-10,05:39,life,ライフ,37,ほ・とせなNEWS,N/A,6,https://news.yahoo.co.jp/articles/426e760bd77442d9ebca81b92a8b0829f4a59e7f,7/9(木) 15:24
2026-07-10,05:39,life,ライフ,38,THE GOLD ONLINE（ゴールドオンライン）,N/A,6,https://news.yahoo.co.jp/articles/4a94f32e9af7137890a170363f9b3b0bcba9ea6d,7/9(木) 10:30
2026-07-10,05:39,life,ライフ,39,ほ・とせなNEWS,N/A,6,https://news.yahoo.co.jp/articles/34d885d02ea76e14e672c80f0f46817515c727d5,7/9(木) 11:20
2026-07-10,05:39,life,ライフ,40,ほ・とせなNEWS,N/A,6,https://news.yahoo.co.jp/articles/4a1c0770c03623c7572f156f234104ab4199c15d,7/9(木) 9:56
