scrp_date,scrp_time,genre_en,genre_jp,rank,media_jp,title,comment,link,date_original
2025-07-24,19:09,business,経済,1,共同通信,「自動車含め25％に逆戻りも」　大統領が不満なら、とベセント氏,525,https://news.yahoo.co.jp/articles/f119a923a41648284b372f2435b26f6cc62aab0d,7/24(木) 11:09
2025-07-24,19:09,business,経済,2,日テレNEWS NNN,赤沢経済再生相“関税15％発動は8月1日であろう”日米関税協議終え帰国,294,https://news.yahoo.co.jp/articles/d47b2a69b337b3ddda78bf4f2be064f232e47eed,7/24(木) 16:57
2025-07-24,19:09,business,経済,3,東洋経済オンライン,「こんなに議席が取れるのはおかしい」「何か裏があるのでは」との声も出ているが…参政党躍進を「海外勢力による工作」で片付ける“危うさ”,118,https://news.yahoo.co.jp/articles/e774621720cdcf2ce9b5d41444a165ba3492cc42,7/24(木) 6:32
2025-07-24,19:09,business,経済,4,読売新聞オンライン,日米関税交渉、１％ごとに見返り要求たたみかけ…トランプ氏７０分後「ディールだ」,102,https://news.yahoo.co.jp/articles/604e8a21a1fb75b904b5444508ec34cdcf7a6c50,7/23(水) 22:31
2025-07-24,19:09,business,経済,5,テレビ朝日系（ANN）,日経平均株価　4万2000円台に上昇　史上最高値に迫る　関税めぐる日米合意などうけ上昇続く,85,https://news.yahoo.co.jp/articles/5888720cb9c30cc54466bb9f9f78006d113aaaa6,7/24(木) 11:10
2025-07-24,19:09,business,経済,6,集英社オンライン,躍進の参政党「外国人の土地、不動産購入禁止」に最も戦々恐々としている業界…「いくらでも抜け道ある」「今後、むしろ日本人がますます買えなくなる」,69,https://news.yahoo.co.jp/articles/d9447e6d9dea8431cf1dc416739924ddc8cde8ff,7/24(木) 11:02
2025-07-24,19:09,business,経済,7,共同通信,困窮世帯の9割「食料買えない」　高騰で子どもに影響、支援求める,62,https://news.yahoo.co.jp/articles/46fa5d1ee8d78c5a861dbc4783d2ddc158ee292d,7/24(木) 17:23
2025-07-24,19:09,business,経済,8,共同通信,政府、電動車の補助金見直しへ,58,https://news.yahoo.co.jp/articles/e748b6ae681a299337f13bc6e54f9983f10f01cb,7/24(木) 16:56
2025-07-24,19:09,business,経済,9,産経新聞,関税交渉、一転して合意　日本経済の悪影響は緩和も残る懸念　国内の資金繰り支援が不可欠,57,https://news.yahoo.co.jp/articles/ded8aef3565821ef619aa061ebc0b63637cfc7a5,7/23(水) 21:23
2025-07-24,19:09,business,経済,10,共同通信,東証、一時4万2千円回復　TOPIXは最高値更新,51,https://news.yahoo.co.jp/articles/b20fadc3304ff9a2cb2250d4c03fd7edda1e6d92,7/24(木) 9:49
2025-07-24,19:09,business,経済,11,東洋経済オンライン,”やり手”クルド人不法滞在者が「強制送還」されるまでの一部始終…送還促進に本腰を入れる入管、避けて通れない「外国人問題」のリアル,43,https://news.yahoo.co.jp/articles/e4f19dcece5513b257a09958a5a643eb3d9d6d78,7/24(木) 9:02
2025-07-24,19:09,business,経済,12,ITmedia ビジネスオンライン,再生ボタンを押したのは誰か？　昭和のカセット「マクセル」が登場した理由,41,https://news.yahoo.co.jp/articles/c1ed5dcf07ae7fe8f9504cbec746851f28fbcd7b,7/24(木) 6:10
2025-07-24,19:09,business,経済,13,共同通信,政府、テスラ意識で制度見直しへ　米国に約束、電動車の購入補助,40,https://news.yahoo.co.jp/articles/8809c3ba4fc109b3677fafb278ba6e55fede8438,7/24(木) 17:47
2025-07-24,19:09,business,経済,14,読売新聞オンライン,日本の履行を四半期ごとに精査、「トランプ氏が不満持てば２５％に戻る」…ベッセント財務長官,35,https://news.yahoo.co.jp/articles/4c1feeacd9505f6029b906387cca3819a51a0022,7/24(木) 18:38
2025-07-24,19:09,business,経済,15,朝日新聞,「米国の指示で5500億ドル投資」　日米関税合意、米側が詳細公表,32,https://news.yahoo.co.jp/articles/74e623706847b6d3f77ffbab63a362114aafe3ad,7/24(木) 16:32
2025-07-24,19:09,business,経済,16,ITmedia ビジネスオンライン,映画『国宝』は、なぜここまでヒットしたのか？,28,https://news.yahoo.co.jp/articles/02776fb7ec4d3e327c190eefee6ca86c665b556a,7/24(木) 8:10
2025-07-24,19:09,business,経済,17,文春オンライン,「食べた気がしない」「コンビニ以下」吉野家が発売した“ラーメン二郎っぽい商品”の残念過ぎる出来栄え,26,https://news.yahoo.co.jp/articles/d8ea45dc09c03086afa3033a7abc0377b4252a6b,7/24(木) 11:13
2025-07-24,19:09,business,経済,18,ファイナンシャルフィールド,私と同じ40代の友人が貯金「700万円」達成したそうです！自分は毎月のやりくりで手一杯なのですが、ほかの40代もこんなに貯めているの？,25,https://news.yahoo.co.jp/articles/aa6bd71488eac593f0393438f854a51651e3ba4e,7/24(木) 14:40
2025-07-24,19:09,business,経済,19,みんかぶマガジン,"大荒れ！「反対するヤツはスパイ」「危険すぎ」参政党神谷氏""スパイ防止法案""提出意欲…本当に選挙中の「石破批判」ロシアの認知戦だったのか",24,https://news.yahoo.co.jp/articles/4701a1414546c885f6ba6299cbd0a68e39f1ac4e,7/24(木) 9:10
2025-07-24,19:09,business,経済,20,FNNプライムオンライン（フジテレビ系）,【独自】“首都圏の奥座敷”富士山お膝元の山梨・石和温泉の旅館が中国資本に…“外国企業”オーナは全体の4分の1と推測　旅館の客足は増加も温泉街への恩恵は…自治体担当者「お互いに地域を盛り上げて」　【買われる“すみか”】シリーズ第2弾,24,https://news.yahoo.co.jp/articles/d5575ae55f38d8c9f160dffe70d979e9174ac0f4,7/23(水) 20:02
2025-07-24,19:09,business,経済,21,テレビ朝日系（ANN）,「損したくない」株高騰しても“投資より預金”　金利0.4％求め10万人が口座開設,21,https://news.yahoo.co.jp/articles/392a50315c8bc04fe6e2a33fe9bc3a0083a9c097,7/24(木) 12:27
2025-07-24,19:09,business,経済,22,プレジデントオンライン,米国株下落は新NISA「S&P500」の売り時か…エコノミストが教える「手放すべき人」「そうでない人」,21,https://news.yahoo.co.jp/articles/333d583567d8634f76a3db10f599ba566cd64d3e,7/24(木) 16:17
2025-07-24,19:09,business,経済,23,くるまのニュース,ついに「ガソリン価格」安くなる！ 消費者は歓喜 「25.1円の暫定税率」廃止へ動きアリ!? 8月臨時国会で議論加速か,20,https://news.yahoo.co.jp/articles/7d66da4d289bde7a192ea9d7c3d141ec96175ee9,7/24(木) 16:30
2025-07-24,19:09,business,経済,24,マネーポストWEB,【がんステージ4の億り人】資産80億円達成した「たーちゃん」さんの原点は“逆張り投資”　業績不振のゲーム会社への投資で資産3倍、1株6セントのゴールド株で億り人に,18,https://news.yahoo.co.jp/articles/741bba73fc762dc8e32487d71984886247cf58e3,7/24(木) 16:15
2025-07-24,19:09,business,経済,25,MBSニュース,「利益90％はトランプ大統領の『盛った発言』か...見極めが重要」アメリカ政治専門家が指摘　関税15％合意で日本は損にならないのか？経済の専門家は...,17,https://news.yahoo.co.jp/articles/d5d556a81d095e6e28436d7a15cc6bcc676a3880,7/24(木) 16:06
2025-07-24,19:09,business,経済,26,読売新聞オンライン,三菱自動車の４～６月期決算、最終利益９７・５％減…東南アジアでの販売不振響く,16,https://news.yahoo.co.jp/articles/1df12f8d62e23df934212e7bafcf143a3ce2ecfb,7/24(木) 16:05
2025-07-24,19:09,business,経済,27,ファイナンシャルフィールド,東京の「手取り18万円」の企業から内定をもらった娘。“千葉・埼玉”ではなく「東京に住みたい」とのことですが、さすがに厳しいですよね…？ 家賃にかけられる“限度額”も解説,15,https://news.yahoo.co.jp/articles/cacbcd05a6c3b113f6dd0bb5f5aa7d4bc7612cf3,7/24(木) 13:41
2025-07-24,19:09,business,経済,28,AV Watch,"ソニーG、バンダイナムコHDの1,600万株取得。アニメ・マンガなどのIP共同開発",13,https://news.yahoo.co.jp/articles/82fcdd40481e6d07e0630622fef7ee56812db5a0,7/24(木) 16:16
2025-07-24,19:09,business,経済,29,ダイヤモンド・オンライン,ガンダム ジークアクス大ヒットの裏側…バンダイナムコも驚いたスタジオカラーの「衝撃の秘策」,13,https://news.yahoo.co.jp/articles/08c8857e9f652a789f645ab8e66fd7081d900580,7/24(木) 12:02
2025-07-24,19:09,business,経済,30,ニュースイッチ,時速60km走行車に無線給電成功…大成建設、実用化へ一歩,13,https://news.yahoo.co.jp/articles/270c158b1e3597a198bcf994be80517f628cc368,7/24(木) 16:10
2025-07-24,19:09,business,経済,31,FNNプライムオンライン,【独自】「日本人の2倍は出す」“名湯旅館”が中国など外国資本に買われている…専門家「廃墟になるよりはいい」山梨・石和温泉,13,https://news.yahoo.co.jp/articles/a94d7e7f0e3d1325a62b020f1c8466232936dda8,7/23(水) 20:22
2025-07-24,19:09,business,経済,32,THE GOLD ONLINE（ゴールドオンライン）,小遣い2万円・年収720万円の55歳会社員夫、口癖は「貯金！貯金！」だが…家計管理を担う55歳妻が貯めた〈老後資金額〉に呆然。定年まで5年、盤石のはずのリタイア計画が崩れた日【FPの助言】,13,https://news.yahoo.co.jp/articles/23eb015a0661eda1a85bde80772393672e64a17f,7/24(木) 10:32
2025-07-24,19:09,business,経済,33,ベストカーWeb,バスの車体に書かれた「ノンステップバス」の表示……あれって青字で書かないとダメなものなのか?,12,https://news.yahoo.co.jp/articles/00fafb5bd34672fb02c05c14833d9f875cbf5468,7/24(木) 11:00
2025-07-24,19:09,business,経済,34,J-CASTニュース,山手線内で発火のモバイルバッテリー、やっぱりリコール対象の「cheero」製品だった　販売元が発表,11,https://news.yahoo.co.jp/articles/2e60f9ac5be8bcc1b16ca62df56f07c6bf555cc9,7/24(木) 18:05
2025-07-24,19:09,business,経済,35,TBS NEWS DIG Powered by JNN,長期金利が1.6％まで上昇　住宅ローン固定金利などに影響　財政悪化の懸念から　日米関税交渉の合意で「日銀追加利上げ」の見方も影響,11,https://news.yahoo.co.jp/articles/700e406efc1062eb29cee6033daf45ae3a8db4aa,7/24(木) 12:26
2025-07-24,19:09,business,経済,36,ベストカーWeb,株価急騰!! 日米自動車関税15％合意がもたらした破壊的恩恵、リスク、課題、「それでも大勝利」の実情,11,https://news.yahoo.co.jp/articles/8de5f98509676f841c869e419351d56c3fc347a6,7/24(木) 15:33
2025-07-24,19:09,business,経済,37,まいどなニュース,ジブリ作品の公式ショップ、猛暑のため臨時休業　「たしかに暑い」「英断だ」「ホワイト企業すぎる」,11,https://news.yahoo.co.jp/articles/7994154492e25667f20f160526adce754bff6b4e,7/24(木) 16:10
2025-07-24,19:09,business,経済,38,共同通信,相互関税15％、8月1日か　帰国の赤沢氏、引き上げ時期で,11,https://news.yahoo.co.jp/articles/d3d403ac365c3dce3665554e960d7c0155122261,7/24(木) 16:36
2025-07-24,19:09,business,経済,39,ベストカーWeb,ランクル70はまだ売るってば!! メディアもSNSも落ち着け!! 「手に入らない=生産中止」の思考はどうにかならないのか,11,https://news.yahoo.co.jp/articles/fe42906cb726d6ea798626152cfc6423b17f2fad,7/24(木) 11:45
2025-07-24,19:09,business,経済,40,ベストカーWeb,トヨタが今季全勝!! WRC第6戦ラリー・イタリア・サルディニアでも盤石の強さを見せつける!!,10,https://news.yahoo.co.jp/articles/0723575b12fd5e9049e4b9335e8296a73f1a9be8,7/24(木) 17:00
