scrp_date,scrp_time,genre_en,genre_jp,rank,media_jp,title,comment,link,date_original
2025-08-11,19:09,business,経済,1,みんかぶマガジン,消費減税は無意味だ！竹中平蔵「これでは『失われた30年』が再び日本を襲う」…外国人を受け入れ、無駄な年金を減らしなさい,146,https://news.yahoo.co.jp/articles/b2141ab2f0ee3d9878252af6378399b3b2f056e3,8/11(月) 9:10
2025-08-11,19:09,business,経済,2,LIMO,今後「専業主婦になりたい」女性は約2割。共働き増加も「共働き＝ゴール」ではない理由,69,https://news.yahoo.co.jp/articles/25b4c787466741f6af505958c309ebae796ec6f9,8/11(月) 15:21
2025-08-11,19:09,business,経済,3,東洋経済オンライン,バブル崩壊も近い？　中国人の「爆買い」で高騰した日本の不動産が限界に達しつつある“最大の理由”,36,https://news.yahoo.co.jp/articles/c0e2111c5e867bdba795c53d2838b8e690c3cce4,8/11(月) 11:01
2025-08-11,19:09,business,経済,4,読売新聞オンライン,ガソリン税「暫定税率廃止」と財源問題…年１兆円の手当て必要、買い控え対策の「補助金引き上げ」範囲も焦点に,35,https://news.yahoo.co.jp/articles/0ee8712c9baf5101d87cd814ece654615746768e,8/11(月) 11:01
2025-08-11,19:09,business,経済,5,ファイナンシャルフィールド,お盆は義実家に帰省予定。家族4人の新幹線代だけで「7万円」近くかかるのがイタイ！でも滞在するなら義実家にも「2万円」ほどお金を渡した方がいい…？,34,https://news.yahoo.co.jp/articles/63b5a7fe1327c5f84ea83a21900b4ccd0fea543d,8/11(月) 13:10
2025-08-11,19:09,business,経済,6,乗りものニュース,「2席分払えば問題ないですよね？」 荷物が多いので “隣の指定席も購入して独占 ”許されるのか,27,https://news.yahoo.co.jp/articles/f4a2599adcfc9855fc661085fa29ba5b0d72c1d5,8/11(月) 7:42
2025-08-11,19:09,business,経済,7,ファイナンシャルフィールド,国家公務員のボーナスがアップ！ 総理大臣や国会議員ももらえる？いくら支給されるの？,26,https://news.yahoo.co.jp/articles/8fa2effd22bb68f055b38c5335ca57e80cb8a630,8/11(月) 11:40
2025-08-11,19:09,business,経済,8,ファイナンシャルフィールド,念願の課長職へ昇進！ でも、給料は月5万円しか上がらないようです…少ないように感じるのですが、これが普通でしょうか？,26,https://news.yahoo.co.jp/articles/49f3b2404b38be98edd0332732fafdfbbd7ac4bd,8/11(月) 13:50
2025-08-11,19:09,business,経済,9,共同通信,小泉農相、韓国外相と会談,26,https://news.yahoo.co.jp/articles/1579f622f4b8cb14fae38e6e28a908be673e2608,8/11(月) 13:39
2025-08-11,19:09,business,経済,10,LIMO,65歳以上で「貯蓄4000万円以上」の強者は何％いる？早見表で「生活費・年金額別の必要貯蓄額」を見る,25,https://news.yahoo.co.jp/articles/a90db69927062dde3bf41981dfca9688a08f5e68,8/11(月) 13:56
2025-08-11,19:09,business,経済,11,くるまのニュース,「エンジンブレーキがウザいです！」 なぜそう感じた!? 大議論になった“運転方法のクセ” もしかすると「周囲の迷惑」になることも？ 一体何が問題なのか,24,https://news.yahoo.co.jp/articles/d2b0cc1a562f26e2f9e8341da9df530d8fbc68cd,8/11(月) 9:10
2025-08-11,19:09,business,経済,12,ダイヤモンド・オンライン,ホテルの「食べ放題・ビュッフェ」が叩き出す利益率が驚異的…客が損してるってこと？,24,https://news.yahoo.co.jp/articles/725c85e5a3fdac8376d04601f6d1d7ccf9c6c68b,8/11(月) 11:01
2025-08-11,19:09,business,経済,13,AERA DIGITAL,パスポート保有率、約6人に1人の17％　海外に出ない・出られない日本人　増える訪日外国人とのアンバランス弊害も,24,https://news.yahoo.co.jp/articles/b49b325ec957f6362fe97621bc735e63a93d4656,8/11(月) 9:31
2025-08-11,19:09,business,経済,14,FNNプライムオンライン,日本は“ラトちゃん”重視が裏目に?関税“15％”特例措置めぐりEUとの差が生まれたワケは,24,https://news.yahoo.co.jp/articles/f45f544da3962bd6c76e18c523372cb1cb78e790,8/11(月) 13:15
2025-08-11,19:09,business,経済,15,NEWSポストセブン,《暴行動画に批判殺到の花井組》社長らが書類送検で会社の今後は…元従業員は「解体に向けて準備中」、会長は「解体とは決まっていない。結果が出てくれば、いずれわかる」と回答,23,https://news.yahoo.co.jp/articles/999338866a778d40c1ae00ad538dafe6b7b776b6,8/11(月) 11:15
2025-08-11,19:09,business,経済,16,ロイター,中国に米国産大豆購入拡大を要望、トランプ氏「早急に4倍」,21,https://news.yahoo.co.jp/articles/fcf4da55d0207c8a487dbc8b3be2d7f50279f6b5,8/11(月) 15:52
2025-08-11,19:09,business,経済,17,THE GOLD ONLINE（ゴールドオンライン）,家なんて買うんじゃなかった…妻、号泣。〈年収640万円〉〈貯金900万円〉の37歳会社員、賃貸暮らし脱出→念願のマイホーム購入が一転、住宅ローン破綻危機の顛末,21,https://news.yahoo.co.jp/articles/6e70eb8628d2d9c000181606296eb2996739e742,8/11(月) 10:01
2025-08-11,19:09,business,経済,18,THE GOLD ONLINE（ゴールドオンライン）,"夢物語に聞こえるが…元手の「30万円」を3年間で「1,085万円」に!? FXで稼ぐための“具体的なシミュレーション”【FXのプロが解説】",20,https://news.yahoo.co.jp/articles/a97b6b363855323413b555d6f5b4d4ae7ea43cc8,8/11(月) 18:01
2025-08-11,19:09,business,経済,19,THE GOLD ONLINE（ゴールドオンライン）,お前には1円も渡さん！…資産6億円の地主の父。“優等生”の58歳・公務員長男ではなく、“口のうまい”54歳・自営業次男への「全財産相続」を宣言→兄弟は「50年分の鬱憤」を晴らす醜い罵り合いへ【FPが解説】,20,https://news.yahoo.co.jp/articles/bbf4fdbfe463a75677d9343bd36bf2f85262d9ce,8/11(月) 10:31
2025-08-11,19:09,business,経済,20,テレビ朝日系（ANN）,外国人住宅計画にNO　農業委員会が転用に反対　北海道の人気リゾート地,20,https://news.yahoo.co.jp/articles/e5b330dfb3db5eae3ceeee8df794ba47a722a271,8/11(月) 11:18
2025-08-11,19:09,business,経済,21,ファイナンシャルフィールド,もし「ガソリン税」がなかったら…「170円／L」のガソリンはいくらになる？“月100L給油”のケースで影響額を試算,19,https://news.yahoo.co.jp/articles/164335d3ab3b4d6531e595b7d1ca8219d28b6af5,8/11(月) 13:40
2025-08-11,19:09,business,経済,22,LIMO,【生活保護】保護率が高い都道府県の特徴とは？「保護率」が高い・低い《都道府県》上位10はどこ？,19,https://news.yahoo.co.jp/articles/588e6f95938d64868661d74d8f873450d8c9022a,8/11(月) 6:21
2025-08-11,19:09,business,経済,23,Finasee,【売上高、最大9割水増しの衝撃】上場から1年未満で上場廃止の「オルツ」。このような“危ない”銘柄を回避するためのヒントは…,18,https://news.yahoo.co.jp/articles/5141c0fc902096db0159ae0a4820995abcc3bf9b,8/11(月) 17:30
2025-08-11,19:09,business,経済,24,LIMO,【8月15日は年金支給日】年金「月20万円」から引かれる税金・社会保険料はいくら？東京都練馬区の単身世帯をモデルケースに試算！,17,https://news.yahoo.co.jp/articles/0f030b9576e6852a4ff756890270bcfaefeca679,8/11(月) 18:16
2025-08-11,19:09,business,経済,25,プレジデントオンライン,「S&P500」より「オルカン」がおすすめなのは明らか…歴史とデータが指し示す「もっとも賢い投資術」,17,https://news.yahoo.co.jp/articles/59fb6b8725bea52d4ea93a3ee54e70840a7f117b,8/11(月) 9:16
2025-08-11,19:09,business,経済,26,テレビ朝日系（ANN）,小泉農水大臣に反論したコメ卸大手の「木徳神糧」は純利益4.5倍　中間決算,17,https://news.yahoo.co.jp/articles/32bf6be8bef73f14dbfb69c117535916512270e2,8/11(月) 10:30
2025-08-11,19:09,business,経済,27,共同通信,米政権に販売額15％納付　半導体大手、対中輸出再開で,17,https://news.yahoo.co.jp/articles/f633c82f01cf40c923dc75aaa9b025032ee47f9e,8/11(月) 14:44
2025-08-11,19:09,business,経済,28,鉄道コム,「快速」より速い「普通列車」があった!? 常磐線でかつて見られた逆転現象（？）,16,https://news.yahoo.co.jp/articles/b02ba9c86d28ef16eb6ac7005fd957e406f7d780,8/11(月) 11:35
2025-08-11,19:09,business,経済,29,ダイヤモンド・オンライン,移民を受け入れた国の末路……日本でも同じことが起こるかもしれない,16,https://news.yahoo.co.jp/articles/d4b87ea524d5909039ba56633f5a6d1e0288a679,8/11(月) 9:35
2025-08-11,19:09,business,経済,30,Webikeプラス,漫画家・東本昌平氏が7/27永眠　1982年デビュー、『キリン』等ライダーを描く,15,https://news.yahoo.co.jp/articles/5780f5cc08ec96d083fe4a1f233b0e69bb10aac7,8/11(月) 18:40
2025-08-11,19:09,business,経済,31,MotorFan,今年上半期、アメリカでもっとも売れた日本車はなに？ アメリカで一番売れたクルマは？,15,https://news.yahoo.co.jp/articles/ee6db8b93ec6f814ca239ce0fab54f51d1f07390,8/11(月) 16:50
2025-08-11,19:09,business,経済,32,マネーポストWEB,「立て板に水のようだ」と面接で絶賛されたのに総合型選抜で不合格…「評定平均値が微妙だったから？」プレゼン強者の女子受験生が見誤っていた敗因分析,14,https://news.yahoo.co.jp/articles/bb1413a04cb9c6c5fdd1472cf478c5c5b66c90ce,8/11(月) 15:16
2025-08-11,19:09,business,経済,33,くるまのニュース,渋滞中“合流の先端”で入る「ファスナー合流」にコメント殺到!? 「入れたくない！」「図々しい！」怒りの声も!? 賛否分かれる「渋滞時の“常識”」 ルールとしては実際どうなのか,13,https://news.yahoo.co.jp/articles/27b3b3d6294119d794069449cf7712b697306383,8/11(月) 12:10
2025-08-11,19:09,business,経済,34,ファイナンシャルフィールド,夏のボーナス、総支給額は50万円！ でも、手取りは35万円……なんでこんなに税金が引かれるの？,13,https://news.yahoo.co.jp/articles/bf78a5e0ac65fb312002b7f4ed50b0d5e9eeaf36,8/11(月) 11:30
2025-08-11,19:09,business,経済,35,共同通信,韓国外相に輸入規制撤廃要請と農相,13,https://news.yahoo.co.jp/articles/0b563714c0112d2c9cb6d254a746e621aceb76a7,8/11(月) 16:26
2025-08-11,19:09,business,経済,36,Bloomberg,ビットコインが最高値に接近、デジタル資産トレジャリー企業の需要で,13,https://news.yahoo.co.jp/articles/cdae35a4ff5e8a04d06501349625f2c66f0cffd8,8/11(月) 16:34
2025-08-11,19:09,business,経済,37,MotorFan,欧州でのBEV販売は「会社持ち」が多かった。一般個人は「あまり買っていない」という事実,13,https://news.yahoo.co.jp/articles/a4cbbf81ecdd384a5f3c9a84d31f0e8f41b2fda4,8/11(月) 12:10
2025-08-11,19:09,business,経済,38,TBS NEWS DIG Powered by JNN,小泉農水大臣　韓国外相に「日本産水産物の輸入規制撤廃」求める　7年ぶり日中韓農相会合出席,12,https://news.yahoo.co.jp/articles/df41a3326d295931beb189b1769451a014aef335,8/11(月) 18:30
2025-08-11,19:09,business,経済,39,マネーポストWEB,急増する「屋根リフォーム詐欺」に遭わないために“絶対にしてはいけない”こと　“無料点検”後に「屋根材にヒビが入った写真を見せられ…」は典型的な手口,12,https://news.yahoo.co.jp/articles/695e4e236bab213dd03e7b5f873093e635216480,8/11(月) 16:02
2025-08-11,19:09,business,経済,40,共同通信,中国の碧桂園、経営再建遠く　住宅販売激減、債務再編も難航,11,https://news.yahoo.co.jp/articles/4a5e9c34b1bb3f486de66c8c3248fc6f8ef87bed,8/11(月) 17:59
