scrp_date,scrp_time,genre_en,genre_jp,rank,media_jp,title,comment,link,date_original
2024-05-07,11:34,domestic,国内,1,毎日新聞,25歳銀行員が過労自殺　配置転換2カ月後　上司宅に休日呼び出しも,396,https://news.yahoo.co.jp/articles/c497147859643af37289446d5f85341170b09bb3,5/7(火) 5:00
2024-05-07,11:34,domestic,国内,2,TBS NEWS DIG Powered by JNN,「そんなはずがない」「解散したら困る」内閣支持率7か月ぶりの上昇に与党内も困惑　今後のカギは政治資金規正法改正めぐる議論,242,https://news.yahoo.co.jp/articles/6122edee43c670d955215475cbbd4e3e265c199e,5/6(月) 18:29
2024-05-07,11:34,domestic,国内,3,TBS NEWS DIG Powered by JNN,次の衆院選で「政権交代」のぞむ人、「自公政権の継続」上回る　JNN世論調査,213,https://news.yahoo.co.jp/articles/ca8819a6097f985e9d7fa0b06a60ce772ccd5ada,5/6(月) 13:53
2024-05-07,11:34,domestic,国内,4,日テレNEWS NNN,【独自】夫婦の知人男も関与か　新たに36歳の不動産業の男を死体損壊の疑いで逮捕　栃木・那須町夫婦遺体事件,211,https://news.yahoo.co.jp/articles/7f5eb1ff1ad61e8fde71557504d6bb6d8eaff6bd,5/7(火) 7:04
2024-05-07,11:34,domestic,国内,5,日テレNEWS NNN,【速報】“首謀者”は娘の内縁の夫か 新たに30代の男を死体損壊の疑いで逮捕　栃木・那須町夫婦遺体事件,199,https://news.yahoo.co.jp/articles/05d3e7d3f1dd4e1b057589c2d780fe7ef637841d,5/6(月) 23:40
2024-05-07,11:34,domestic,国内,6,毎日新聞,岸田首相、政策活動費の使途公開検討を指示　自民党の政治刷新本部に,163,https://news.yahoo.co.jp/articles/5c94a7ec1bfc37bc1eb6e59434a337459e7850ac,5/6(月) 21:14
2024-05-07,11:34,domestic,国内,7,読売テレビ,【速報】ダイハツ本社工場で「コペン」生産再開　国内4工場が全て稼働　認証不正問題から約４か月半,145,https://news.yahoo.co.jp/articles/48e416c7f211588d7bd9c39ecb40a767ff481bc3,5/7(火) 8:15
2024-05-07,11:34,domestic,国内,8,集英社オンライン,〈速報・那須2遺体〉“全身刺青”の宝島さん娘の内縁の夫が逮捕「何見てんだよ」とポルシェのオープンカーでライバル店に横づけ挑発…「彼はチンピラでした」「ほとんど亡くなった奥さんの命令で動いてた」,114,https://news.yahoo.co.jp/articles/221f55d5b100408094047141be89db2e542e6b52,5/7(火) 1:18
2024-05-07,11:34,domestic,国内,9,毎日新聞,「6月は地獄」祝日なく悲痛な声　GW後に待ち構える”空白期間”,106,https://news.yahoo.co.jp/articles/3f1672d0ed9cafdfa9bc0a3bf6409d8dc9147369,5/6(月) 22:04
2024-05-07,11:34,domestic,国内,10,TBS NEWS DIG Powered by JNN,群馬・伊勢崎市　国道事故3人死亡　2人重軽傷　トラックがワンボックスカーと正面衝突　3台絡む事故に,90,https://news.yahoo.co.jp/articles/fb574a38a0ff23a1d01d8337e6b5ab437cdf678c,5/7(火) 0:29
2024-05-07,11:34,domestic,国内,11,プレジデントオンライン,川勝知事の「最悪の置き土産」が邪魔をする…知事交代でもリニア着工を進められないワケ,78,https://news.yahoo.co.jp/articles/b112fe823cab7d42504cd85bbb8ced0cb5b249e8,5/7(火) 6:17
2024-05-07,11:34,domestic,国内,12,時事通信,消える「おつかい」もう不要？◆ジレンマ抱える親、専門家が明かす効果とは【時事ドットコム取材班】＃令和の親＃令和の子,78,https://news.yahoo.co.jp/articles/66c1bb54483e55076f5d214cf7cbdb0f7f20c763,5/6(月) 18:00
2024-05-07,11:34,domestic,国内,13,SmartFLASH,「日本人助けるほうが先」岸田首相、外遊先で“バラまき”宣言、物価高にあえぐ国内からは批判の声,72,https://news.yahoo.co.jp/articles/d899d7cb6bc5d05d9c10b60f83d49698c518db51,5/6(月) 16:45
2024-05-07,11:34,domestic,国内,14,ABEMA TIMES,群馬の国道でトラックなど3台の事故 4人搬送、うち2人死亡,65,https://news.yahoo.co.jp/articles/01db70114e22eeca00cb0d6a955f92418a7b77e8,5/6(月) 19:09
2024-05-07,11:34,domestic,国内,15,SmartFLASH,「さすが悪夢の民主党政権」古舘伊知郎の“暴露”で思い出される旧政権の“圧力”,54,https://news.yahoo.co.jp/articles/6e0089672aec39feafa6ade0384c5f6d83fb68d8,5/6(月) 17:36
2024-05-07,11:34,domestic,国内,16,SmartFLASH,偽造マイナカードで携帯機種変→225万円のロレックス買われた！「被害は雪だるま式に」市議が警鐘鳴らす,54,https://news.yahoo.co.jp/articles/9f94c337fc2baa6c7890cd261abc20531999ba07,5/6(月) 16:06
2024-05-07,11:34,domestic,国内,17,集英社オンライン,〈那須・娘の内縁夫逮捕〉「半裸で刺青みせて洗車」「ベンツ、ＢＭＷ…高そうな外車をコロコロ変えていた」逮捕された宝島さん長女の内縁夫の意外な評判。2匹のトイプードル、きれいな“妻”と子どもに囲まれて…,47,https://news.yahoo.co.jp/articles/d4a2f1ec9ad7346a70fd179212f85cdaeafb6340,5/7(火) 6:01
2024-05-07,11:34,domestic,国内,18,FNNプライムオンライン（フジテレビ系）,【速報】宝島龍太郎さん夫婦遺体損壊容疑で新たに不動産業の前田亮容疑者（36）逮捕,46,https://news.yahoo.co.jp/articles/80610307d184b0c6de087f739773fd3cb390a92c,5/7(火) 7:43
2024-05-07,11:34,domestic,国内,19,テレビ朝日系（ANN）,【速報】栃木県那須町で夫婦の焼損遺体　夫婦の娘の内縁の夫を逮捕　警視庁,46,https://news.yahoo.co.jp/articles/37d891de474798f8d3fead175ad493490d06a6c9,5/6(月) 23:07
2024-05-07,11:34,domestic,国内,20,共同通信,自民議席減へ立民と調整　国民・玉木氏、次期衆院選で,43,https://news.yahoo.co.jp/articles/f700e0c8ab9726a42cadb8156497da7786864053,5/6(月) 21:36
2024-05-07,11:34,domestic,国内,21,テレビ朝日系（ANN）,救急車で搬送中“記念撮影”　救急隊に写真のお願いも…消防「映えスポットじゃない」,42,https://news.yahoo.co.jp/articles/5d3d01a939df3826d0989abcb331921e9f396631,5/6(月) 13:12
2024-05-07,11:34,domestic,国内,22,ABEMA TIMES,【独自】宝島さん夫妻を狙った“黒幕”の正体と誤算 「暴力団の抗争に巻き込まれた可能性」「平山容疑者が出頭する想定外」元刑事が分析,40,https://news.yahoo.co.jp/articles/403f0ff11cb34c7286d49a94a1118d56e23ef519,5/7(火) 6:01
2024-05-07,11:34,domestic,国内,23,TBS NEWS DIG Powered by JNN,岸田総理が3か国歴訪の“GW外遊”から帰国 政治資金規正法改正の議論を本格化へ,39,https://news.yahoo.co.jp/articles/c61eca8dd46eba6236a5b1c1ffe3eefb012f78a6,5/6(月) 14:54
2024-05-07,11:34,domestic,国内,24,ABEMA TIMES,男女警官が交番でチョメチョメ… 不祥事相次ぐ背景に「不確実性が一番興奮させる」「交番の2階には布団もシャワーもある」心理学者と元刑事が言及,39,https://news.yahoo.co.jp/articles/31abb96571ed90d580a5c11d9c690ff1545ab74f,5/7(火) 7:02
2024-05-07,11:34,domestic,国内,25,FNNプライムオンライン（フジテレビ系）,2歳の息子と父（26）ら3人死亡…トラックが対向車線はみ出しワンボックスカーに正面衝突　群馬・伊勢崎市,36,https://news.yahoo.co.jp/articles/c95781c9b0919d1697cf6bd4b36e4d683c0d282a,5/7(火) 6:32
2024-05-07,11:34,domestic,国内,26,現代ビジネス,石破、茂木、河野、高市…ポスト岸田の「総裁選」で、最も「派閥解体の影響を受けそうな候補」の名前《『自民党と派閥』緊急復刊》,35,https://news.yahoo.co.jp/articles/849cabc0459fd95c6f129827269a7d8f36fc8bd4,5/7(火) 7:03
2024-05-07,11:34,domestic,国内,27,読売新聞オンライン,横浜市のバス、４月だけで３６０便超の大幅減便…市交通局は運転手確保へ賃上げ・車内広告「大作戦」,34,https://news.yahoo.co.jp/articles/142006bb2381b01173d8116aa541f6894534d907,5/7(火) 6:56
2024-05-07,11:34,domestic,国内,28,読売新聞オンライン,「学生裁判員」目立つ大学の配慮不足、出欠や試験で規則定めず…テスト諦めるケースも,34,https://news.yahoo.co.jp/articles/0b74d1d51bdc12d3582c7c659af82ac540b6212c,5/6(月) 12:31
2024-05-07,11:34,domestic,国内,29,現代ビジネス,「指に針を突き刺して…」決死の内部告発！『脳外科医 竹田くん』のモデル医師が吹田徳洲会病院で「デタラメ診療」連発、院内は大混乱,32,https://news.yahoo.co.jp/articles/839e2d6ed69cc2e91b2ee91a65673a7ed66b9410,5/7(火) 7:18
2024-05-07,11:34,domestic,国内,30,日刊スポーツ,玉川徹氏「用意周到に夫妻のお金を奪う犯行には見えない」那須夫婦遺体事件で新たに２人逮捕受け,31,https://news.yahoo.co.jp/articles/79511c75f7e697305797cec5e18758341259dc11,5/7(火) 10:37
2024-05-07,11:34,domestic,国内,31,産経新聞,「盤石の大阪でなぜ…」ひそかに敷かれた維新包囲網　公認敗北の大阪・大東市長選の舞台裏,31,https://news.yahoo.co.jp/articles/346cac20c5470081c3b30f60bb5173919d4b1e2b,5/6(月) 18:30
2024-05-07,11:34,domestic,国内,32,レスポンス,高速道路料金も「変動制」導入、来年度から全国的に順次拡大［新聞ウォッチ］,30,https://news.yahoo.co.jp/articles/41fa30c084da12ba7508feae66d46f9dd72b3bf2,5/7(火) 8:51
2024-05-07,11:34,domestic,国内,33,TBS NEWS DIG Powered by JNN,那須2遺体　夫婦の娘の内縁の夫・関根誠端容疑者（32）を逮捕　死体損壊の疑い　事件の首謀者か　警視庁,30,https://news.yahoo.co.jp/articles/3d583b531ce1aebeb8c4e89ab58204b36944b5b4,5/7(火) 3:54
2024-05-07,11:34,domestic,国内,34,プレジデントオンライン,祖父は「原発デマ」で生きる希望を失った…福島在住ライターが「原発事故を利用する人々」に怒りを隠さないワケ,28,https://news.yahoo.co.jp/articles/5b38c814777c96eba0395bc5531bbae4c7afd8d6,5/7(火) 10:17
2024-05-07,11:34,domestic,国内,35,ABEMA TIMES,夫婦の娘の内縁夫を逮捕 犯行を指示か 那須町の焼損遺体,27,https://news.yahoo.co.jp/articles/f3817c6e49bdfcb6d785d8a510c07ceb3fbc6834,5/7(火) 7:24
2024-05-07,11:34,domestic,国内,36,毎日新聞,子ども・子育て支援金の負担　保険料に上乗せは「不適切にもほどがある」,26,https://news.yahoo.co.jp/articles/3fa9112ed26db29452b170954c45b0e09904609e,5/7(火) 7:36
2024-05-07,11:34,domestic,国内,37,信濃毎日新聞デジタル,山奥の集落は人口9人、90代も道路掃除・・・「消滅」する村と言われても「この場所で生きる」、47歳移住者の決意,26,https://news.yahoo.co.jp/articles/e1ccbbf493b77da4fd455332a6e197b9cc6e63a1,5/7(火) 6:10
2024-05-07,11:34,domestic,国内,38,FNNプライムオンライン（フジテレビ系）,【速報】宝島龍太郎さん夫婦の娘の内縁の夫・関根誠端容疑者（32）を死体損壊の疑いで逮捕　事件を計画か,25,https://news.yahoo.co.jp/articles/b6a5e827b09df549bca49d50137aca7bef87bb74,5/7(火) 0:32
2024-05-07,11:34,domestic,国内,39,現代ビジネス,大河ドラマ出演が転落人生の始まりか...？大御所俳優にチヤホヤされた「元天才子役」の末路【那須夫婦遺体事件】,24,https://news.yahoo.co.jp/articles/e34e2d3321ba13445846bced55c77825e00422e5,5/7(火) 7:03
2024-05-07,11:34,domestic,国内,40,日刊スポーツ,菊間千乃弁護士「彼氏でなく内縁の夫」の背景を解説、栃木夫婦遺体事件で新たに逮捕された男,24,https://news.yahoo.co.jp/articles/db693a6dc6c9c5638ae5da7881f3fba871bc14f8,5/7(火) 10:02
