scrp_date,scrp_time,genre_en,genre_jp,rank,media_jp,title,comment,link,date_original
2024-01-29,08:18,domestic,国内,1,毎日新聞,公設秘書552人の存在公表せず　与野党で国会ルールの違反横行,863,https://news.yahoo.co.jp/articles/6c36522a80e3dfa91a874b98da237c070ce453e7,1/29(月) 6:30
2024-01-29,08:18,domestic,国内,2,J-CASTニュース,大学の授業中、学生が鍋を食べる...驚きの光景にSNS賛否両論　許可した教授が明かす「自由」めぐる深い理由,364,https://news.yahoo.co.jp/articles/43aafecd1293c3eeef21c05f51bf9df3be8ca04f,1/28(日) 12:00
2024-01-29,08:18,domestic,国内,3,日テレNEWS NNN,【速報】桐島聡容疑者を名乗る男が死亡　警視庁公安部が本人確認を進める中　末期の胃がんで入院,197,https://news.yahoo.co.jp/articles/e82ab583ecbe4a4ffe36e6adcfac819016f8c240,1/29(月) 8:05
2024-01-29,08:18,domestic,国内,4,朝日新聞デジタル,土木会社に「内田洋」で40年　海外渡航確認されず　桐島聡名乗る男,197,https://news.yahoo.co.jp/articles/9443631e6422c6d4380eb8ab65f50055afab28fa,1/29(月) 5:00
2024-01-29,08:18,domestic,国内,5,毎日新聞,岸田内閣支持率21％　12月から5ポイント増　毎日新聞世論調査,195,https://news.yahoo.co.jp/articles/2c8637e1fd32dc6793ba5c49accea83cb324f4fe,1/28(日) 17:44
2024-01-29,08:18,domestic,国内,6,共同通信,茂木派、政策集団移行へ　政治団体は当面維持、裏金事件,119,https://news.yahoo.co.jp/articles/9da932da84d3c7813246554e7c751a2c469a8a45,1/28(日) 17:40
2024-01-29,08:18,domestic,国内,7,FRIDAY,プレッシャーやストレスによる“体調異変”か…紀子さま「悠仁さまの進学問題」に対する深刻な憂い,114,https://news.yahoo.co.jp/articles/4e49cd0c295313708830ec378769937b30020e3d,1/29(月) 7:00
2024-01-29,08:18,domestic,国内,8,SmartFLASH,「よく言った」『朝生』“最大のタブー”「番組がおもしろくないのは人の話をさえぎるから」音喜多駿氏のツッコミに賛同,106,https://news.yahoo.co.jp/articles/fa3a086e17b9fda71194115ec916e2a65834e5c3,1/28(日) 14:50
2024-01-29,08:18,domestic,国内,9,ウェザーニュース,東京湾でM4.8の地震　東京都と神奈川県で震度4　津波の心配なし,98,https://news.yahoo.co.jp/articles/bcd3db8c726fc4d8159d9f5cc870d8d32f178c7b,1/28(日) 9:02
2024-01-29,08:18,domestic,国内,10,時事通信,麻生氏、上川外相を評価　「おばさん」「カミムラ」と発言も,97,https://news.yahoo.co.jp/articles/44925f9eb77c2f0dade8fd08b78006888a89f769,1/28(日) 18:12
2024-01-29,08:18,domestic,国内,11,共同通信,「内田洋」で数十年工務店に勤務　桐島容疑者名乗る男、神奈川で,82,https://news.yahoo.co.jp/articles/380afb6d903b20f724f0902a66a901b80d9c499a,1/28(日) 18:29
2024-01-29,08:18,domestic,国内,12,現代ビジネス,「巨大地震」がいよいよ襲ってくる…未曾有の大災害で「日本経済」が受ける「驚愕の被害額」,75,https://news.yahoo.co.jp/articles/4e4fa863482b8b1c67c027f9f8c31202b09dd626,1/29(月) 6:48
2024-01-29,08:18,domestic,国内,13,共同通信,72時間以内の援助隊入り半数　珠洲、輪島の被害集中地域,67,https://news.yahoo.co.jp/articles/7916ed3781f96b7f61714b8df68bb87739b0fe97,1/28(日) 21:00
2024-01-29,08:18,domestic,国内,14,現代ビジネス,麻生太郎、万事休す…ブチ切れて「派閥破壊」岸田文雄がついに「無敵の総理」になってしまった,67,https://news.yahoo.co.jp/articles/557cb4afc835473c1c2d742ee726bc4d16ae3c91,1/29(月) 7:03
2024-01-29,08:18,domestic,国内,15,デイリー新潮,紀子さま母娘が手話に熟練しているのはなぜか　ルーツをたどると上皇后への思慕の念が,65,https://news.yahoo.co.jp/articles/173602f2ca4614d36c516efe5935c6278862aa1c,1/29(月) 6:00
2024-01-29,08:18,domestic,国内,16,読売新聞オンライン,桐島聡を名乗る男、がん治療のため自費通院…偽名「ウチダヒロシ」で健康保険加入できなかったか,48,https://news.yahoo.co.jp/articles/9b15e6d448614b884aa506c0069726e33452d3bc,1/29(月) 5:00
2024-01-29,08:18,domestic,国内,17,読売新聞オンライン,桐島聡容疑者とみられる男、１か月前に「体の具合が悪い」…周囲では「生い立ち不明の不思議な人」,45,https://news.yahoo.co.jp/articles/0afbc3d5a5abb47995514304967a171230835b83,1/28(日) 8:57
2024-01-29,08:18,domestic,国内,18,文春オンライン,「ガキ」「下手くそ」「鬱陶しい」黙秘する元弁護士を検事が一方的に罵倒する動画がYouTubeにアップ「威圧的な取り調べが問題になることはあるが、ここまで…」,44,https://news.yahoo.co.jp/articles/18350bab674e49d3110358a6d036cc1725c74e18,1/29(月) 7:12
2024-01-29,08:18,domestic,国内,19,FNNプライムオンライン（フジテレビ系）,「手配写真の3分の2に痩せた人相」桐島容疑者名乗る男を介抱した男性語る　末期がんで入院直前　連続企業爆破事件,44,https://news.yahoo.co.jp/articles/9b471e7931f9b56f4942f766c64901f031559731,1/28(日) 17:33
2024-01-29,08:18,domestic,国内,20,現代ビジネス,「いまなら勝てる」…！「女帝」小池百合子・都知事が意欲を示す「衆院選出馬」と、狙っている「選挙区」,42,https://news.yahoo.co.jp/articles/6dccb0d8c51d5591b4f72f084da2389a334715eb,1/29(月) 7:03
2024-01-29,08:18,domestic,国内,21,毎日新聞,まるで商売、パーティー収入に課税を　「政治とカネ」識者の見方,39,https://news.yahoo.co.jp/articles/fa73bc755464ecb07e39f99c4ea0a00891acafbb,1/28(日) 18:01
2024-01-29,08:18,domestic,国内,22,文春オンライン,「拒食症で骨と皮だけのガリガリに」体重は55→38キロに激減…『バチェラー』初代ヒロインが語る、摂食障害に苦しんだ学生時代,39,https://news.yahoo.co.jp/articles/fe728b51f75a918514c3339d3ec5a37b7a5157ae,1/28(日) 11:12
2024-01-29,08:18,domestic,国内,23,テレビ朝日系（ANN）,「北陸に来て」石川の宿泊キャンセル“8億円超” “応援割導入”に温泉街の切実な願い,38,https://news.yahoo.co.jp/articles/6cebec210be4697f6504289ea06c51ccc11c5649,1/28(日) 11:30
2024-01-29,08:18,domestic,国内,24,FNNプライムオンライン,「このおばさんやるねぇ」「そんなに美しい方とは言わない」自民・麻生副総裁が“毒舌”交えながら上川外相を高く評価,37,https://news.yahoo.co.jp/articles/18878ef06e5755f932c208ab66a5886850e20d4a,1/29(月) 7:43
2024-01-29,08:18,domestic,国内,25,週プレNEWS,モーリーの疑問。「変化を拒む側」になってしまった「お笑い」は変われるのか？,37,https://news.yahoo.co.jp/articles/a1f2ab19445d74bcc41cfa8a583d7b458e37a152,1/29(月) 6:00
2024-01-29,08:18,domestic,国内,26,共同通信,麻生氏、上川外相の容姿に言及　「美しい方とは言わない」,30,https://news.yahoo.co.jp/articles/a8c4199450c0fdc94d21b386214bd68658de6425,1/28(日) 18:23
2024-01-29,08:18,domestic,国内,27,中日スポーツ,山谷えり子議員、2400万円不記載をHPで発表し謝罪… 武田砂鉄さん強烈な皮肉「2000円返し忘れたくらいのテンションで2000万円の裏金を謝る」,28,https://news.yahoo.co.jp/articles/7110fc4eb0d51352f4b09b2953fdbea980f66209,1/28(日) 13:57
2024-01-29,08:18,domestic,国内,28,読売新聞オンライン,珠洲市の寺院倒壊現場で１人の遺体発見、安否不明の住職か…家族「間違いであってほしい」,26,https://news.yahoo.co.jp/articles/e6e7e0e38a27f47dd98f33b5984cc1930c090a60,1/28(日) 21:49
2024-01-29,08:18,domestic,国内,29,TBS NEWS DIG Powered by JNN,麻生氏「そんなに美しい方とは言わん」上川外務大臣評価も容姿に言及　党内から「余計だ」との声も,25,https://news.yahoo.co.jp/articles/f3953a9094c62a1e3c911bff779d4fb2bc7677cb,1/28(日) 23:33
2024-01-29,08:18,domestic,国内,30,共同通信,口座なく、現金で給料受け取りか　桐島容疑者名乗る男,24,https://news.yahoo.co.jp/articles/608d0e97ace78f04c09eacbe34a2215014e55680,1/29(月) 4:53
2024-01-29,08:18,domestic,国内,31,デイリー新潮,「電話をかけたのは実は岸田首相から」情報戦に勝利した麻生副総理の皮算用,22,https://news.yahoo.co.jp/articles/a39407a310304e709a51abef1322146ea068bc0c,1/29(月) 6:11
2024-01-29,08:18,domestic,国内,32,読売新聞オンライン,今治ピアノ教師殺害、次女が逮捕の男との交際トラブルを警察に相談…「髪の毛引っ張られた」,21,https://news.yahoo.co.jp/articles/876593582392037ee16247676e57ba2cc55e43d7,1/28(日) 20:47
2024-01-29,08:18,domestic,国内,33,読売新聞オンライン,オスプレイ配備計画で抗議の座り込み…佐賀市の市民団体、車両出入りなく「自信になった」,21,https://news.yahoo.co.jp/articles/69e8658d4368fcbab165d7f7c2ebbac943b656ec,1/28(日) 13:10
2024-01-29,08:18,domestic,国内,34,朝日新聞デジタル,呼び名は「うっちゃん」、仲間と冗談も　車は運転せず　「桐島聡」名乗る男,21,https://news.yahoo.co.jp/articles/2728a9e21f07a76d2b5010d3ebe2a8f2fd7844c2,1/28(日) 20:58
2024-01-29,08:18,domestic,国内,35,時事通信,派閥解消宣言に疑問の声　資金集めで「抜け穴」も　自民,19,https://news.yahoo.co.jp/articles/7e8ee14a0de8537900886760b1868c44522fbf92,1/29(月) 7:04
2024-01-29,08:18,domestic,国内,36,ダイヤモンド・オンライン,原発火災などなかった…鳩山由紀夫元首相の嘘を暴く！能登地震を巡る「5大原発デマ」を斬る,19,https://news.yahoo.co.jp/articles/74891f5dece27a901407539574875ecedb8ba733,1/29(月) 5:06
2024-01-29,08:18,domestic,国内,37,テレビ朝日系（ANN）,妻（27）が夫（60）を包丁で刺そうとするも…ポケットの携帯電話に当たり命に別状なし,19,https://news.yahoo.co.jp/articles/b95b1be10b70f8adcb23c9802e858e3f30281674,1/28(日) 23:59
2024-01-29,08:18,domestic,国内,38,日刊スポーツ,橋下徹氏「特権で例外という認識」離党も辞職もしない安倍派幹部をバッサリ「責任は大ありだ！」,19,https://news.yahoo.co.jp/articles/7323bfa73907cfcf5bd84e2fd349779581dab158,1/28(日) 11:03
2024-01-29,08:18,domestic,国内,39,朝日新聞デジタル,「別れたいが応じてくれない」次女が警察に相談　今治の女性死亡事件,19,https://news.yahoo.co.jp/articles/32946049f87844df34646bd6a02906be481db04c,1/28(日) 21:36
2024-01-29,08:18,domestic,国内,40,朝日新聞デジタル,安倍派の山谷えり子・元拉致問題相、2403万円を不記載,18,https://news.yahoo.co.jp/articles/11f2fa41a3387b6cca47d1edc9af0f8bc14e8259,1/28(日) 20:46
