scrp_date,scrp_time,genre_en,genre_jp,rank,media_jp,title,comment,link,date_original
2026-08-17,04:26,it-science,IT・科学,1,朝日新聞,N/A,11,https://news.yahoo.co.jp/articles/c86dc6ed79f0f8aa886304e8060ef47316392052,8/16(日) 8:00
2026-08-17,04:26,it-science,IT・科学,2,アスキー,N/A,4,https://news.yahoo.co.jp/articles/88ba51f118333ee9a9629fd86b0402f4e35899f8,8/16(日) 17:00
2026-08-17,04:26,it-science,IT・科学,3,NADA NEWS,N/A,4,https://news.yahoo.co.jp/articles/7d5187a9671cec8907e0c490d6e38b18731984dd,8/16(日) 8:00
2026-08-17,04:26,it-science,IT・科学,4,sorae 宇宙へのポータルサイト,N/A,4,https://news.yahoo.co.jp/articles/8494c94a29eed30798a0e34bea9cc1f66a848538,8/16(日) 20:30
2026-08-17,04:26,it-science,IT・科学,5,朝日新聞,N/A,3,https://news.yahoo.co.jp/articles/4f15244561352431f9a942fdf54455f75ddb62a0,8/16(日) 8:00
2026-08-17,04:26,it-science,IT・科学,6,NADA NEWS,N/A,3,https://news.yahoo.co.jp/articles/0492ff82f62a96e13c6e640288c944a46b79203a,8/16(日) 10:00
2026-08-17,04:26,it-science,IT・科学,7,アスキー,N/A,3,https://news.yahoo.co.jp/articles/31da1fc0f45553a535d73586557c23fa99281b77,8/16(日) 12:00
2026-08-17,04:26,it-science,IT・科学,8,Forbes JAPAN,N/A,3,https://news.yahoo.co.jp/articles/64f79a0000123690ef945a1d2e4ea5c86a3ebce6,8/16(日) 9:00
2026-08-17,04:26,it-science,IT・科学,9,BCN,N/A,2,https://news.yahoo.co.jp/articles/5c3d77a49e8e16682d7c8c616dddafefbf5f04fb,8/16(日) 18:00
2026-08-17,04:26,it-science,IT・科学,10,BCN,N/A,2,https://news.yahoo.co.jp/articles/e5b82ee7cfa60aac3270e5898be71cac19b34cb9,8/16(日) 17:00
2026-08-17,04:26,it-science,IT・科学,11,AKIBA PC Hotline!,N/A,2,https://news.yahoo.co.jp/articles/4a348296870ae5f94c052eef93adf78302e282a5,8/16(日) 8:05
2026-08-17,04:26,it-science,IT・科学,12,ギズモード・ジャパン,N/A,2,https://news.yahoo.co.jp/articles/354e10bbe9eabf705363eff3ab07fb65ea71974f,8/16(日) 19:00
2026-08-17,04:26,it-science,IT・科学,13,Forbes JAPAN,N/A,2,https://news.yahoo.co.jp/articles/0ea9244abdc27b245f4b4b33d1f665270fef578d,8/16(日) 15:00
2026-08-17,04:26,it-science,IT・科学,14,ITmedia NEWS,N/A,2,https://news.yahoo.co.jp/articles/44f9bf91efeaa0ac4e619e27859837a4ffe1e33f,8/16(日) 7:59
2026-08-17,04:26,it-science,IT・科学,15,ギズモード・ジャパン,N/A,2,https://news.yahoo.co.jp/articles/efea5013d1714ff4f3d36269f6cab8b54268eec8,8/16(日) 19:30
2026-08-17,04:26,it-science,IT・科学,16,テクノエッジ,N/A,1,https://news.yahoo.co.jp/articles/7c4dc6fb9d5f75c85284b35f3ba5a0aac3b7eb2a,8/14(金) 19:22
2026-08-17,04:26,it-science,IT・科学,17,Yahoo!ニュース PR［PR］,N/A,1,https://news.yahoo.co.jp/articles/48395d44f4eeb75e386928b7a1887fe1f60e9806,8/12(水) 12:27
2026-08-17,04:26,it-science,IT・科学,18,ビジネス＋IT,N/A,1,https://news.yahoo.co.jp/articles/d72e363a1e94f9378ef1bdd895225db567c520d7,8/16(日) 12:50
2026-08-17,04:26,it-science,IT・科学,19,CNN.co.jp,N/A,1,https://news.yahoo.co.jp/articles/9e506045cbd379115abe8d32f095e82dd191c145,8/14(金) 16:11
2026-08-17,04:26,it-science,IT・科学,20,NADA NEWS,N/A,1,https://news.yahoo.co.jp/articles/e44c3778d4ba2bf246f6b534ebd80008b1f02344,8/16(日) 12:37
2026-08-17,04:26,it-science,IT・科学,21,BCN,N/A,1,https://news.yahoo.co.jp/articles/1110e7d4b85c8f8cf2f44eea1dca6876cdddf6d7,8/16(日) 12:00
2026-08-17,04:26,it-science,IT・科学,22,メ〜テレ（名古屋テレビ）,N/A,1,https://news.yahoo.co.jp/articles/ba5918227d8e565118970c8b98a427d15393945e,8/16(日) 12:00
2026-08-17,04:26,it-science,IT・科学,23,レスポンス,N/A,1,https://news.yahoo.co.jp/articles/f0d74da57930c68f09f5fae6d75f9e67ca9488be,8/16(日) 11:30
2026-08-17,04:26,it-science,IT・科学,24,ITmedia Mobile,N/A,1,https://news.yahoo.co.jp/articles/8c3ad71990ecb42601d368c6cbf52e5e8108e8e1,8/16(日) 6:05
2026-08-17,04:26,it-science,IT・科学,25,アスキー,N/A,1,https://news.yahoo.co.jp/articles/379f6d6bd711660d9e8b75144f1659f0669a51e0,8/16(日) 18:00
2026-08-17,04:26,it-science,IT・科学,26,ITmedia Mobile,N/A,1,https://news.yahoo.co.jp/articles/d0f160c17e58789dccf092f181a9687b1bd89da5,8/16(日) 9:22
2026-08-17,04:26,it-science,IT・科学,27,アスキー,N/A,1,https://news.yahoo.co.jp/articles/f16b6d0b084262abb90584cf3209c60432a6cc75,8/16(日) 17:00
2026-08-17,04:26,it-science,IT・科学,28,メ〜テレ（名古屋テレビ）,N/A,1,https://news.yahoo.co.jp/articles/e15b440b3e74baa61d033e035748feddcdb59a84,8/16(日) 11:00
2026-08-17,04:26,it-science,IT・科学,29,ニュースイッチ,N/A,1,https://news.yahoo.co.jp/articles/9435c87cfde7a2109b8f7e651a037b531a0c31d3,8/16(日) 11:10
2026-08-17,04:26,it-science,IT・科学,30,sorae 宇宙へのポータルサイト,N/A,1,https://news.yahoo.co.jp/articles/bf7a7e413c92d9a119a242a207df1eb340d5f512,8/16(日) 17:44
2026-08-17,04:26,it-science,IT・科学,31,ビジネス＋IT,N/A,1,https://news.yahoo.co.jp/articles/5d5930be35a0594484cb67fe7336421e2a0e1270,8/16(日) 12:25
2026-08-17,04:26,it-science,IT・科学,32,＠ＤＩＭＥ,N/A,1,https://news.yahoo.co.jp/articles/b90afaeb8b41fba7510a0366e6300485606abef3,8/16(日) 7:40
2026-08-17,04:26,it-science,IT・科学,33,テクノエッジ,N/A,1,https://news.yahoo.co.jp/articles/c36dc708b680bff4ffcaf62298722bfa10c3c936,8/16(日) 7:00
