scrp_date,scrp_time,genre_en,genre_jp,rank,media_jp,title,comment,link,date_original
2026-07-25,14:08,business,経済,1,共同通信,N/A,71,https://news.yahoo.co.jp/articles/2fbc3cc96601341d47ef4646573a1f7f7d056c4f,7/24(金) 14:07
2026-07-25,14:08,business,経済,2,共同通信,N/A,35,https://news.yahoo.co.jp/articles/10ba72b9f63f532d7f4d6e01aae880954b6b2a41,7/25(土) 10:09
2026-07-25,14:08,business,経済,3,THE GOLD ONLINE（ゴールドオンライン）,N/A,33,https://news.yahoo.co.jp/articles/4b6d42bc827f1dfa35e31983292f010636d92d62,7/25(土) 10:30
2026-07-25,14:08,business,経済,4,みんかぶマガジン,N/A,33,https://news.yahoo.co.jp/articles/4c2bbe807c708fef0a051ef4500987d0a28fbe56,7/25(土) 12:12
2026-07-25,14:08,business,経済,5,東洋経済オンライン,N/A,32,https://news.yahoo.co.jp/articles/91a398bcda9f0ce4bb7ed8a497a568de7d0f7149,7/25(土) 7:16
2026-07-25,14:08,business,経済,6,朝日新聞,N/A,32,https://news.yahoo.co.jp/articles/3bcd6996dc8be1f2a5beccbe1f6d1b944cd7780c,7/24(金) 14:00
2026-07-25,14:08,business,経済,7,ファイナンシャルフィールド,N/A,31,https://news.yahoo.co.jp/articles/f66c421fa9bcd679bfb026b64801f9e4b78dd473,7/25(土) 13:10
2026-07-25,14:08,business,経済,8,朝日新聞,N/A,31,https://news.yahoo.co.jp/articles/b9caf66545273b5a1bc67ea1b5d1dd1f10e9242d,7/25(土) 11:15
2026-07-25,14:08,business,経済,9,文春オンライン,N/A,30,https://news.yahoo.co.jp/articles/75041a6a6c73e23518b843ff5915d8a4c42137ed,7/25(土) 6:12
2026-07-25,14:08,business,経済,10,ファイナンシャルフィールド,N/A,28,https://news.yahoo.co.jp/articles/f6018786d1f85f6fba9ad9bc2adaa783442aa635,7/25(土) 8:20
2026-07-25,14:08,business,経済,11,テレ東プラス,N/A,27,https://news.yahoo.co.jp/articles/ddd7c5ea40e4b25a6776747070e5c295222aa3c5,7/25(土) 11:01
2026-07-25,14:08,business,経済,12,THE21オンライン,N/A,26,https://news.yahoo.co.jp/articles/7bdf217410ef42a53685b7bdd2eae77b99351d87,7/25(土) 11:50
2026-07-25,14:08,business,経済,13,ファイナンシャルフィールド,N/A,24,https://news.yahoo.co.jp/articles/e07df533ace2e140347ee85b262ffd1b672b8baa,7/25(土) 12:12
2026-07-25,14:08,business,経済,14,ファイナンシャルフィールド,N/A,23,https://news.yahoo.co.jp/articles/c4f520df0aa9dc26992ba607f04dd568a7999ccb,7/25(土) 8:10
2026-07-25,14:08,business,経済,15,鉄道コム,N/A,22,https://news.yahoo.co.jp/articles/4744b4a88ff2a0fb52cbcc9cb7a2a7537054aefd,7/25(土) 10:35
2026-07-25,14:08,business,経済,16,MBSニュース,N/A,21,https://news.yahoo.co.jp/articles/5ad21ec68ea5bc327390c7c360a9acfffa364fe3,7/25(土) 10:00
2026-07-25,14:08,business,経済,17,朝日新聞,N/A,20,https://news.yahoo.co.jp/articles/b756f1cb07a7d2417c243a5895c829c1dbc66e15,7/24(金) 18:53
2026-07-25,14:08,business,経済,18,ファイナンシャルフィールド,N/A,19,https://news.yahoo.co.jp/articles/3598e606b1b6f33da1eb568977cdbd98b628f723,7/25(土) 8:40
2026-07-25,14:08,business,経済,19,プレジデントオンライン,N/A,19,https://news.yahoo.co.jp/articles/bfb94b9d4f8556321c3f72f48580d3ef01b45f3b,7/25(土) 7:15
2026-07-25,14:08,business,経済,20,東洋経済オンライン,N/A,18,https://news.yahoo.co.jp/articles/83543631c123c98038b4b06b68cf40e3b0c29859,7/25(土) 6:30
2026-07-25,14:08,business,経済,21,WWDJAPAN.com,N/A,18,https://news.yahoo.co.jp/articles/40a59b63604315173b765ba145c8cbac2faa755f,7/24(金) 18:45
2026-07-25,14:08,business,経済,22,Finasee,N/A,18,https://news.yahoo.co.jp/articles/9b8bce6de58b2c22c799b5ce00514e631878cb02,7/25(土) 11:51
2026-07-25,14:08,business,経済,23,東洋経済オンライン,N/A,18,https://news.yahoo.co.jp/articles/f001278459495294df4a0eff6660fa636d280442,7/25(土) 6:46
2026-07-25,14:08,business,経済,24,BUSINESS INSIDER JAPAN,N/A,17,https://news.yahoo.co.jp/articles/165baaa101b98c5f980d8db7ce67db2cbd058339,7/25(土) 11:10
2026-07-25,14:08,business,経済,25,東洋経済オンライン,N/A,17,https://news.yahoo.co.jp/articles/91959ddc1e222d64906707e130135debf6b577c2,7/25(土) 6:46
2026-07-25,14:08,business,経済,26,47NEWS,N/A,17,https://news.yahoo.co.jp/articles/64f35fe1ff99127f94aedf76edd8efeb8e82b886,7/25(土) 10:32
2026-07-25,14:08,business,経済,27,読売新聞オンライン,N/A,16,https://news.yahoo.co.jp/articles/4bed36d54b92b31d2401d6fd485c232b018be45a,7/25(土) 12:20
2026-07-25,14:08,business,経済,28,テレビ朝日系（ANN）,N/A,15,https://news.yahoo.co.jp/articles/838fe598a564cf3f4b25eefcc7af66b82ad69f98,7/25(土) 10:36
2026-07-25,14:08,business,経済,29,ファイナンシャルフィールド,N/A,15,https://news.yahoo.co.jp/articles/f5e58c5f8c7f91531809ebd126f5bf12eb4204ea,7/25(土) 8:50
2026-07-25,14:08,business,経済,30,ダイヤモンド・オンライン,N/A,15,https://news.yahoo.co.jp/articles/cc47d34c917320c1de7f078f75c7b70fc8e1b2fc,7/25(土) 6:00
2026-07-25,14:08,business,経済,31,共同通信,N/A,14,https://news.yahoo.co.jp/articles/8d0933b9d2a19f480ff5991c977a93a4d04030ac,7/24(金) 17:16
2026-07-25,14:08,business,経済,32,東洋経済オンライン,N/A,14,https://news.yahoo.co.jp/articles/7631880a690268a3766a2e2e2117bdb7b6fd7754,7/25(土) 10:30
2026-07-25,14:08,business,経済,33,ファイナンシャルフィールド,N/A,13,https://news.yahoo.co.jp/articles/7ed5902ebd3a1d21923b8c11bbc551250908614b,7/25(土) 9:40
2026-07-25,14:08,business,経済,34,MotorFan,N/A,13,https://news.yahoo.co.jp/articles/43775305d7c49b038f510a0ab911f8b8ca4de4b2,7/25(土) 10:00
2026-07-25,14:08,business,経済,35,ファイナンシャルフィールド,N/A,13,https://news.yahoo.co.jp/articles/7252552e81158c8866fa42a250b9640ece41a093,7/25(土) 9:20
2026-07-25,14:08,business,経済,36,MotorFan,N/A,13,https://news.yahoo.co.jp/articles/3eb45131b69bef43210b8c19434f696d73442f0a,7/25(土) 8:03
2026-07-25,14:08,business,経済,37,東洋経済オンライン,N/A,12,https://news.yahoo.co.jp/articles/028c40fb267f5e51b6f420af38199660dd0e4592,7/25(土) 12:30
2026-07-25,14:08,business,経済,38,ダイヤモンド・オンライン,N/A,12,https://news.yahoo.co.jp/articles/5af456093ea5cb4bbf9c9195d26b3955273b1d8b,7/25(土) 7:27
2026-07-25,14:08,business,経済,39,日テレNEWS NNN,N/A,12,https://news.yahoo.co.jp/articles/25ae943ae47a56dda6ad9d549add17e8a4feba90,7/24(金) 20:51
2026-07-25,14:08,business,経済,40,東洋経済オンライン,N/A,12,https://news.yahoo.co.jp/articles/c5bb487d2d83a8bced9663122d8e6c2e6e436cae,7/25(土) 7:30
