scrp_date,scrp_time,genre_en,genre_jp,rank,media_jp,title,comment,link,date_original
2025-04-06,07:06,business,経済,1,共同通信,週明けの東京市場も大幅下落か　「動揺収まるまで時間かかる」,121,https://news.yahoo.co.jp/articles/5ca082d8729d63c96da53b750d1d0f51fabb56e3,4/5(土) 17:40
2025-04-06,07:06,business,経済,2,東洋経済オンライン,「失礼ですが、旦那様とは偽装結婚ではないですよね…？」日本を愛して来日し、永住権を持つ外国人女性が経験した“日本の見えない壁”,96,https://news.yahoo.co.jp/articles/341351850b20e7e5d934478cd4772191974df6cb,4/6(日) 6:02
2025-04-06,07:06,business,経済,3,テレビ朝日系（ANN）,フジ第三者委で注目「デジタルフォレンジック」　削除されても解析　メールなど復元,92,https://news.yahoo.co.jp/articles/cb26089ed0d6a571050b20bd0935ee332e5998c0,4/5(土) 18:29
2025-04-06,07:06,business,経済,4,東京商工リサーチ,【速報】2024年度「経営コンサルタント」の倒産が過去最多 専門領域の分散化で“経営のプロ”の生き残り競争が激化,85,https://news.yahoo.co.jp/articles/c5860c254bdbc83a285bff7f4e825c332a03be02,4/5(土) 7:04
2025-04-06,07:06,business,経済,5,産経新聞,「どんだけ並ばせるねん！」　並ばない万博のはずが…入場まで1時間半　テストラン2日目,80,https://news.yahoo.co.jp/articles/3aac4b7cab19360bc630fc095e4ae9bad952d499,4/5(土) 20:00
2025-04-06,07:06,business,経済,6,東洋経済オンライン,【日本が大好きで来日したのに…】「面接した53社から不採用！」「外国籍に不動産は貸せないよ」“日本を愛する外国人女性”を襲った厳しすぎる現実,74,https://news.yahoo.co.jp/articles/ebed2829eb379389cdf805f515e5465cd1a9179a,4/6(日) 6:02
2025-04-06,07:06,business,経済,7,東洋経済オンライン,コメ高騰で「夕食パスタ16.5％増」日本の家庭が選ぶ“救世主メニュー”の正体,69,https://news.yahoo.co.jp/articles/fcad0c432c331863a6b61256ae8ed81120183653,4/6(日) 5:02
2025-04-06,07:06,business,経済,8,Bloomberg,野村証やＳＭＢＣ日興などでも不正取引、顧客口座の乗っ取り被害拡大,42,https://news.yahoo.co.jp/articles/a2d6a547b32446eb566c40b5123ec20bf8e347f6,4/5(土) 10:32
2025-04-06,07:06,business,経済,9,週刊SPA!,「ハンバーガーセット」の価格をマックと比べてみると…値上げラッシュのせいで薄れつつあるモスバーガーの“割高感”,40,https://news.yahoo.co.jp/articles/d9c91c93137cc5a76da77c75075696c5e8cfc4e6,4/5(土) 8:54
2025-04-06,07:06,business,経済,10,プレジデントオンライン,日本人の生活が苦しいのは社会保険料のせい…企業の賃上げを無効化する「ステルス増税」の中身,28,https://news.yahoo.co.jp/articles/093150cf3d1b1a4119230404ca31a37280ba34dc,4/5(土) 10:17
2025-04-06,07:06,business,経済,11,ダイヤモンド・オンライン,すき家「ネズミ混入」、焼肉きんぐ「嘔吐トラブル」…店員を見れば一発でわかる〈不祥事チェーン〉の共通点,24,https://news.yahoo.co.jp/articles/ebd07d861aae9dab6da3fe06c0189c7752d25d8e,4/6(日) 6:32
2025-04-06,07:06,business,経済,12,現代ビジネス,《コメ高騰》農協・族議員・農水省が食糧安全保障をブチ壊す日本とは大違い…！中国がいま食糧生産の拡大に邁進する理由,21,https://news.yahoo.co.jp/articles/a9e2531b4930a3728bb0842a864ba37ea07bd5f3,4/5(土) 7:03
2025-04-06,07:06,business,経済,13,ダイヤモンド・オンライン,三流は「指示しすぎ」、二流は「丸投げしすぎ」。では、一流の“仕事の任せ方”とは？,21,https://news.yahoo.co.jp/articles/f1fb148cb78899e0f696a1e9f5a17a12a310946e,4/6(日) 3:46
2025-04-06,07:06,business,経済,14,みんかぶマガジン,河村たかし「政党交付金もあるにはあるけど、1円もわしのところに来ない」日本保守党の現状に河村たかしが重い口を開く「南無阿弥陀仏」,19,https://news.yahoo.co.jp/articles/0fc3bfd18569d0be8882d26843866b3975f4c1f1,4/5(土) 12:10
2025-04-06,07:06,business,経済,15,みんかぶマガジン,間に合わない！混迷の大阪万博…関係者が絶対に大逆転できると確信する「とっておきの秘策」にすごいガッカリ感,19,https://news.yahoo.co.jp/articles/a1db38b8ea0a382405c64ede19189b2d8cec0ef4,4/5(土) 9:10
2025-04-06,07:06,business,経済,16,スマートモビリティJP,充電5分で400km走れる！ BYDが1メガワットの超急速充電を実現した「スーパーeプラットフォーム」,17,https://news.yahoo.co.jp/articles/190f88de1b55d0895d8f0e8d346bc37cb7161579,4/5(土) 16:00
2025-04-06,07:06,business,経済,17,読売新聞オンライン,トランプ米政権が１０％の一律関税を発動…各国は強く反発、中国は対抗関税をすでに発表,15,https://news.yahoo.co.jp/articles/f8dde2429620a984c10f74a2ef83cd114a8524d5,4/5(土) 13:11
2025-04-06,07:06,business,経済,18,共同通信,北海道ホタテ、米国輸出に懸念　中国の禁輸後、販路拡大したが,14,https://news.yahoo.co.jp/articles/9a371c3726be6718a13204330be5c1cbd636ab0c,4/5(土) 17:28
2025-04-06,07:06,business,経済,19,JBpress,日本より貿易赤字が多いドイツやアイルランドが20％の相互関税で済んだのはなぜか？,14,https://news.yahoo.co.jp/articles/ead2ecc32e0754f48265da57036d7f3c1000fa69,4/5(土) 17:06
2025-04-06,07:06,business,経済,20,現代ビジネス,「日本のため」なんて二の次…森永卓郎さんの息子・康平さんが「高市氏に過剰期待するな」と主張する納得のワケ,13,https://news.yahoo.co.jp/articles/99cb4ec9b779e141fc6061abb984c68b865e0978,4/5(土) 7:03
2025-04-06,07:06,business,経済,21,読売新聞オンライン,ジャガー・ランドローバー、米国向け輸出を一時停止…トランプ関税が影響,12,https://news.yahoo.co.jp/articles/ab4b70c4ab62e6259de8ffc0ead062e8db4be534,4/5(土) 22:52
2025-04-06,07:06,business,経済,22,毎日新聞,「スマイルください」はカスハラ?　笑顔の要求、店員には拒否感も,12,https://news.yahoo.co.jp/articles/22d1a135bc43c9ae7d3ba381311dd8cf8ee1e9e3,4/5(土) 11:00
2025-04-06,07:06,business,経済,23,carview！,【震えて待て】アルファード中古価格の下落が止まらない。ローン終了と増産で次なる下値待ったなし,10,https://news.yahoo.co.jp/articles/e75d11fe8c2dff82aa8694f62486becfb00ad1eb,4/5(土) 9:20
2025-04-06,07:06,business,経済,24,読売新聞オンライン,一律１０％の「相互関税」第１弾、きょう午後発動…製造業の米国内回帰促す狙い,10,https://news.yahoo.co.jp/articles/7da8dfd150855f802417848bb5e440d1a9f10a6e,4/5(土) 11:31
2025-04-06,07:06,business,経済,25,TBS NEWS DIG Powered by JNN,「長時間労働で家事できない」は“ウソ” データが明らかにする意外な事実,10,https://news.yahoo.co.jp/articles/d1cfe3ca2ca068e04f625e83e095d80303004b04,4/5(土) 9:02
2025-04-06,07:06,business,経済,26,ダイヤモンド・オンライン,職場の出世する人は異動した直後に「お菓子を配る」。その本当の理由,10,https://news.yahoo.co.jp/articles/eb7a771a9b06f51c3b7a64683fe4752404b2c932,4/6(日) 3:56
2025-04-06,07:06,business,経済,27,LIMO,【65歳以上の就業者】4割超は女性に。リタイア後「生活費・貯蓄額・年金月額」はいくらか,9,https://news.yahoo.co.jp/articles/12c3e2af820bfb4d9f9b3af619a7d2a86281f8ed,4/6(日) 6:12
2025-04-06,07:06,business,経済,28,ファイナンシャルフィールド,生活保護を受給したいけど、地方で「車」は手放せない！ 求職中で「一時的な受給」なら大丈夫？ 所有できる条件や注意点とは,9,https://news.yahoo.co.jp/articles/22a77a148c6330d748c2f9d9baf48635bd9e36a4,4/5(土) 13:30
2025-04-06,07:06,business,経済,29,読売新聞オンライン,トランプ関税、インドはすでに交渉…貿易協定で商工省「数日中に前進できると期待している」,8,https://news.yahoo.co.jp/articles/f224b70161781d88acde6e26ee600461a8b823a8,4/5(土) 18:57
2025-04-06,07:06,business,経済,30,共同通信,英「ジャガー」米国への輸出停止　トランプ車関税の影響で,8,https://news.yahoo.co.jp/articles/f13572b0821759577622dd2513aa20e2d46e2a17,4/6(日) 0:56
2025-04-06,07:06,business,経済,31,ダイヤモンド・オンライン,「打ち合わせ、どうだった？」と聞く人は頭が悪い。“頭が良い人”はどう聞いている？,7,https://news.yahoo.co.jp/articles/3b3b1fa0a77529e68ab7aedec95b943d50e524d0,4/6(日) 4:06
2025-04-06,07:06,business,経済,32,時事通信,スズキ、独り勝ちの様相　「インド一本足打法」に危うさも【けいざい百景】,7,https://news.yahoo.co.jp/articles/498310ca9b239d1d87fdfb36b64ef22ebc4da9d4,4/5(土) 8:30
2025-04-06,07:06,business,経済,33,テレビ朝日系（ANN）,フジMHD大株主に単独インタビュー　新経営陣には「業界外の人材で体質改善を」,7,https://news.yahoo.co.jp/articles/b7223d299b8fe52d39e47381f27a5aebd3f8912b,4/5(土) 12:18
2025-04-06,07:06,business,経済,34,マネーポストWEB,中学受験で「第1志望ギリギリ」より「第2志望への上位進学」のほうが成功につながるという衝撃データ　進学した学校での「学内順位」は後々まで影響【中室牧子教授に聞く】,7,https://news.yahoo.co.jp/articles/ad14bfe97e74c35945351e6549cb52e32c2f3793,4/5(土) 16:16
2025-04-06,07:06,business,経済,35,マネーポストWEB,大前研一氏が喝破する、石破政権が“愚策”を連発する理由　高校授業料無償化、「103万円の壁」引き上げ、中堅企業成長ビジョン…数え上げればきりがない,7,https://news.yahoo.co.jp/articles/0149cdf0b62fa094d7217d94c6849fe8d3e84676,4/5(土) 7:15
2025-04-06,07:06,business,経済,36,WEB CARTOP,いまタクシードライバーは「年収1000万円も夢じゃない」で続々運転士が増えているのは大都市だけ！　地方はなり手不足で悲惨な事態になっていた,7,https://news.yahoo.co.jp/articles/eb04bdab4ce1ad667239446aecbbed7d806dd0bb,4/5(土) 7:10
2025-04-06,07:06,business,経済,37,毎日新聞,トランプ政権、10％の一律関税を5日発動　世界経済に深刻な打撃,7,https://news.yahoo.co.jp/articles/a60b17af41529bbc3510fa6081fe6eb268b55c5e,4/5(土) 11:09
2025-04-06,07:06,business,経済,38,ファイナンシャルフィールド,実家の「お墓」を継ぐことになりました。お墓を引き継いだらどのような「お金」がかかるのでしょうか？,7,https://news.yahoo.co.jp/articles/62ed02ce9f93a0b3204771be3e53c3cc6102cbb9,4/5(土) 9:01
2025-04-06,07:06,business,経済,39,WEB CARTOP,東京の一般道をF1マシンが走る時代がくるとは感無量！　開催中の日本グランプリ「現地に行けない人」は東京で楽しむしかない!!,6,https://news.yahoo.co.jp/articles/75fc92b57a731ba99b667623fa9bef04851362c1,4/5(土) 15:10
2025-04-06,07:06,business,経済,40,共同通信,「世界経済への自爆テロ」　トランプ関税巡り青森知事,6,https://news.yahoo.co.jp/articles/9d58046bafaf72caad993e26a0404264702ed232,4/5(土) 17:33
