scrp_date,scrp_time,genre_en,genre_jp,rank,media_jp,title,comment,link,date_original
2024-04-03,16:17,business,経済,1,日刊ゲンダイDIGITAL,裏金処分の線引き「500万円」が裏目…大荒れ自民党が3つに“分裂”、怒りの矛先が岸田首相に,168,https://news.yahoo.co.jp/articles/10743911913df417af9a52a220cd52847c9e9256,4/3(水) 14:03
2024-04-03,16:17,business,経済,2,集英社オンライン,長崎ちゃんぽん「リンガーハット」が値上げで客離れ…フードコート依存からロードサイド型への転換に光はあるのか,131,https://news.yahoo.co.jp/articles/50ef8c9899bd418b21bab6b5306c6b5633f9cd6d,4/3(水) 8:03
2024-04-03,16:17,business,経済,3,ファイナンシャルフィールド,年収400万円で「ハリアー」の新車を買うのは無謀ですか？ ローンで買いたいのですが、毎月の家賃「8万円」もあるし厳しいでしょうか…？,91,https://news.yahoo.co.jp/articles/667cfc01283333544928034a45a64e2326c95858,4/3(水) 13:40
2024-04-03,16:17,business,経済,4,日刊ゲンダイDIGITAL,大阪万博「玉川徹氏は禁止」…吉村府知事オラオラ発言で大炎上→詭弁屁理屈で釈明の何サマ,81,https://news.yahoo.co.jp/articles/6942934cfbf9986e7230d14d34570ef8b54ba413,4/3(水) 9:06
2024-04-03,16:17,business,経済,5,ファイナンシャルフィールド,隣に住む50代男性が「生活保護」を受けながらパチンコに通っています。問題にならないのでしょうか？,71,https://news.yahoo.co.jp/articles/c39b3955ed17c4c6c058c90fa0493d984ad9d254,4/3(水) 11:20
2024-04-03,16:17,business,経済,6,マネーポストWEB,バッティングセンターの相次ぐ閉店にファンの嘆き　「子供の頃に野球経験がないと大人になっても行かない」野球人口減少の影響は大きい,69,https://news.yahoo.co.jp/articles/259407099e4dc7af0e41525ecd8a1b2c6d1f572b,4/3(水) 15:15
2024-04-03,16:17,business,経済,7,ファイナンシャルフィールド,たばこを20歳から「1日1箱」吸っています。同僚に「吸わなかったらベンツを買えるのに」と言われたのですが、本当に買えるものなのでしょうか？ 現在50歳で、喫煙歴は30年になります,63,https://news.yahoo.co.jp/articles/1718d00a91bb1da07e1f1430460773e3f6ee94d7,4/3(水) 14:10
2024-04-03,16:17,business,経済,8,日刊ゲンダイDIGITAL,川勝平太・静岡県知事が突如辞意…「リニア反対派」の退場で波紋広がる,53,https://news.yahoo.co.jp/articles/0294989cf10675bb8b51b0dc808a33e47211cbb3,4/3(水) 12:56
2024-04-03,16:17,business,経済,9,NEWSポストセブン,《職業差別発言》川勝平太知事、静岡県内の酪農家が激怒「今一番頭を使わなきゃいけない職業ですよ」　発言はメディアに「切り取られた」と責任転嫁,51,https://news.yahoo.co.jp/articles/ddf57eade1fa574c23c0ee6f69815b047ff7c0b7,4/3(水) 15:25
2024-04-03,16:17,business,経済,10,日刊ゲンダイDIGITAL,維新馬場代表に“おもろないねん”の大合唱 吉村知事「万博出禁」発言に寒すぎフォローで火に油,51,https://news.yahoo.co.jp/articles/a16f31ba17a5754ad722ab8db40d3523dc596a49,4/3(水) 11:28
2024-04-03,16:17,business,経済,11,Merkmal,「これは返金レベル」 1回数万円の“鉄道撮影会”で起きた失態に、ファンの不満爆発？ 落胆と満足の境界はどこにあるのか,49,https://news.yahoo.co.jp/articles/df5438a6115d2cbd28e80d6233e541910b97c59e,4/3(水) 11:51
2024-04-03,16:17,business,経済,12,ダイヤモンド・オンライン,役員室に入る前に2回ノックしたら「ノックは4回が常識だ！」と叱られた。それって正しい？【大人の言い換え力検定】,49,https://news.yahoo.co.jp/articles/51f9bfabd3d3e637aacebd43fa2a20bbd91c58b1,4/3(水) 13:02
2024-04-03,16:17,business,経済,13,ねとらぼ,イオンのトップバリュ天然水に「カビ臭」　約86万本出荷、複数客が指摘で自主回収……　「申し訳ございません」,45,https://news.yahoo.co.jp/articles/697576a3a0e05b9520ec7200f0ebb197096d0595,4/3(水) 15:04
2024-04-03,16:17,business,経済,14,日テレNEWS NNN,旬の“春キャベツ”が高値　仕入れ値が倍に　小さいまま生育止まり…,35,https://news.yahoo.co.jp/articles/938979bd346355dcb7a924b80c9714ff341930fb,4/2(火) 21:55
2024-04-03,16:17,business,経済,15,WEB CARTOP,クルマは「エンジンパワー」だけみても速い遅いはわからない！　見るべきは車重をパワーで割った数字だった,33,https://news.yahoo.co.jp/articles/14f235693424fdcaf2023c6b2408cdcde209add5,4/3(水) 10:10
2024-04-03,16:17,business,経済,16,東洋経済オンライン,辞意を表明、川勝知事「知性の高い」発言がマズいこれ程の理由　「上から目線」「臆測による対比」あとひとつは？,31,https://news.yahoo.co.jp/articles/97494087296a2e8c37c71fb99eb7bcd33cbfc4de,4/3(水) 15:32
2024-04-03,16:17,business,経済,17,東洋経済オンライン,私もあなたも実は「スライサー」かもしれない　一緒にいると「モヤモヤ」その理由を考えてみた,30,https://news.yahoo.co.jp/articles/72aa5b75be7cde113f1416c9cb0975fe1e832f91,4/3(水) 5:21
2024-04-03,16:17,business,経済,18,鉄道コム,時速160キロ程度の運転もありえる？　JR北海道が千歳線・函館本線の高速化方針を表明,29,https://news.yahoo.co.jp/articles/797cb40f370fbc816081011e6f0becff57a6208e,4/3(水) 15:26
2024-04-03,16:17,business,経済,19,ファイナンシャルフィールド,友人が高速道路で「ガソリン切れになり」罰金を支払ったそうです…なぜ「罰金」が発生するのでしょうか？,29,https://news.yahoo.co.jp/articles/079c534dd9143b3662971f684c597a93367328f4,4/3(水) 14:20
2024-04-03,16:17,business,経済,20,現代ビジネス,日本は確実に「二極化」が進行する…そして東京が破綻を迎える日がやってくる,29,https://news.yahoo.co.jp/articles/0c47db0f90e67d5b26a7aab4287f759b57671584,4/3(水) 6:05
2024-04-03,16:17,business,経済,21,くるまのニュース,フロントガラスの「着色フィルム」車検で拒否される!? ギラギラや透明など多様なカーフィルムの現状… 専門店の見解は？,25,https://news.yahoo.co.jp/articles/4adc98e0c1635e4540062e98d372e3c0f89325bd,4/3(水) 9:10
2024-04-03,16:17,business,経済,22,鉄道コム,JR東、キハ40系20両をタイ国鉄へ譲渡,24,https://news.yahoo.co.jp/articles/e46ebbd1434cac9e84166d0d69e3ad5045e80b13,4/3(水) 14:34
2024-04-03,16:17,business,経済,23,ベストカーWeb,完全に新型フリード意識してるやん!! シエンタ5月にマイチェン!! 大画面化＆スマホがキーになる機能で大勝負に,20,https://news.yahoo.co.jp/articles/f3f0f97b11731a28af9c31df197aaa170e2790b6,4/3(水) 11:00
2024-04-03,16:17,business,経済,24,乗りものニュース,船橋の田園地帯「新駅」計画が前進！ 東葉高速鉄道の投資額も判明 いつ開業する？,19,https://news.yahoo.co.jp/articles/0aa285fa714bb08bb1ce2430353159eeece70a0e,4/3(水) 14:12
2024-04-03,16:17,business,経済,25,ダイヤモンド・オンライン,「大阪勤務なんて聞いてない」「会社にダマされた！」激怒する新入社員、どう対処すべき？【社労士がアンサー】,19,https://news.yahoo.co.jp/articles/8ea162c782e4818ae7dcf6420d1a07aece7ac9ae,4/3(水) 8:02
2024-04-03,16:17,business,経済,26,THE GOLD ONLINE（ゴールドオンライン）,世帯年収「500万円台」でも…日本の家族が悶絶する「住宅ローン返済額」,19,https://news.yahoo.co.jp/articles/153595aaa750d9360f29b3914dfd90a930ca9e8e,4/2(火) 21:24
2024-04-03,16:17,business,経済,27,くるまのニュース,スズキ斬新「ジムニー5ドア」発売！ 3ドアは“2年ぶり”改良!? 話題のカクカクSUV反響は？ 正規店で5ドア対応は可能？,19,https://news.yahoo.co.jp/articles/26929766f3ad372ee1983dd99353adc948eabdd7,4/3(水) 14:10
2024-04-03,16:17,business,経済,28,プレジデントオンライン,自ら仕掛けたBEV戦争で中国に吞み込まれる…モーターショーに出られないほど弱体化した欧州メーカーの苦悩,19,https://news.yahoo.co.jp/articles/cde8c8bb42b77bf0bd7f175b5d0879f47b19a176,4/3(水) 8:17
2024-04-03,16:17,business,経済,29,Bloomberg,自民党が下村・西村氏に党員資格停止処分、萩生田氏は役職停止－報道,18,https://news.yahoo.co.jp/articles/b6c71c3e5e87f00bb56de64f8d6f1c5ea9329676,4/3(水) 8:08
2024-04-03,16:17,business,経済,30,Merkmal,子どもは「車のスピード」を認識できない？ 事故の75%が横断歩道で発生、4月春の全国交通安全運動で考える,18,https://news.yahoo.co.jp/articles/9e1ce58cf7aef15fcc635dad58d44cb97244b2b3,4/3(水) 14:11
2024-04-03,16:17,business,経済,31,くるまのニュース,日産「エルグランド」改良発表も「早く全面刷新を！」の声続々！ 次期型「E53」チラ見せも!? 新型に期待！,17,https://news.yahoo.co.jp/articles/07023dd042a063f2573da21545af7026514be109,4/3(水) 14:50
2024-04-03,16:17,business,経済,32,乗りものニュース,新幹線で「爆速」360km/h運転目指す！青函トンネル高速化で「貨物新幹線」案も  JR北海道が明らかに,17,https://news.yahoo.co.jp/articles/11779541efc4434287462b9b622690b9f682c7a4,4/3(水) 7:12
2024-04-03,16:17,business,経済,33,東洋経済オンライン,二階氏「不出馬表明」という“したかかな戦略”　裏金問題は処分対象外で「事実上の無罪放免」,17,https://news.yahoo.co.jp/articles/fe1c919484547320d45fce2df4e14431fbf28d87,4/3(水) 8:02
2024-04-03,16:17,business,経済,34,LIMO,【おひとりさま】実は、多いです。50歳代「貯蓄ゼロ（非保有）」世帯割合は何パーセント？,16,https://news.yahoo.co.jp/articles/bfb7d0c237298510a38148d301a585294d832817,4/3(水) 14:02
2024-04-03,16:17,business,経済,35,ファイナンシャルフィールド,まだ20代で健康そのものですが、親に「生命保険に加入しろ」と言われます。「年収300万円」で保険料が負担なのですが、若いうちから入ったほうが良いのでしょうか…？,16,https://news.yahoo.co.jp/articles/6c85be7b0ea1856972b972754e059a6ef255546e,4/3(水) 14:10
2024-04-03,16:17,business,経済,36,J-CASTニュース,KFC「チキン詰め放題」エイプリルフール投稿は「度を超えている」のか　批判殺到で広報謝罪「誤解を招く形となってしまった」,15,https://news.yahoo.co.jp/articles/d293187624abd13b9b0db7c919b103574ca8dcba,4/2(火) 18:38
2024-04-03,16:17,business,経済,37,共同通信,小林製薬が採用活動休止,15,https://news.yahoo.co.jp/articles/43a0661a19ae52a84f94986a49749838b2483851,4/3(水) 9:30
2024-04-03,16:17,business,経済,38,テレビ朝日系（ANN）,松屋が一部メニュー100円値上げ　「牛めし」は据え置き,15,https://news.yahoo.co.jp/articles/97138296278f2a582e4c09b65848d64636ac30d2,4/2(火) 19:25
2024-04-03,16:17,business,経済,39,弁護士ドットコムニュース,"京王バスの""ビジネスネーム導入""に反響「すべてのサービス業に取り入れて」　乗務員のプライバシー保護の観点",15,https://news.yahoo.co.jp/articles/634276cfe0c51e14fe335a8e684ae28fd2f54e93,4/3(水) 11:54
2024-04-03,16:17,business,経済,40,東洋経済オンライン,専門医がいない航空自衛隊に戦闘機開発はできない　やる気のある医官が次々に辞める自衛隊の内情,14,https://news.yahoo.co.jp/articles/da11138d8dc60f80600894774d620d479cd26066,4/3(水) 11:32
