scrp_date,scrp_time,genre_en,genre_jp,rank,media_jp,title,comment,link,date_original
2026-03-01,20:08,life,ライフ,1,ファイナンシャルフィールド,N/A,133,https://news.yahoo.co.jp/articles/b00dcccdfc6cdf153249ef2e5ae4c4371c2363f3,3/1(日) 14:10
2026-03-01,20:08,life,ライフ,2,週刊女性PRIME,N/A,96,https://news.yahoo.co.jp/articles/8fc8c8c6ce281e2888edfeb4ef06d4820257bb98,3/1(日) 19:00
2026-03-01,20:08,life,ライフ,3,ファイナンシャルフィールド,N/A,70,https://news.yahoo.co.jp/articles/47ac0c6f294fc874967b4de888c1f6ec9a3ef3a0,3/1(日) 13:40
2026-03-01,20:08,life,ライフ,4,THE GOLD ONLINE（ゴールドオンライン）,N/A,66,https://news.yahoo.co.jp/articles/d4183d87afee626676eb9e41edb5ab445a95c3de,3/1(日) 18:00
2026-03-01,20:08,life,ライフ,5,東洋経済オンライン,N/A,46,https://news.yahoo.co.jp/articles/9d9202dd5868fb67f3f38dc91363fd9c48ee4e67,3/1(日) 5:30
2026-03-01,20:08,life,ライフ,6,with online,N/A,33,https://news.yahoo.co.jp/articles/c44b6e624b50c9e46efc79783bcf5bfb472685bd,3/1(日) 19:02
2026-03-01,20:08,life,ライフ,7,Harper’s BAZAAR（ハーパーズ バザー）,N/A,32,https://news.yahoo.co.jp/articles/f53967f5d79b9bc665d73ff4ec4fd9a11d047133,3/1(日) 19:20
2026-03-01,20:08,life,ライフ,8,ねとらぼ,N/A,32,https://news.yahoo.co.jp/articles/508758b27c2a94bb6bbca7f618a40bf853411ec2,3/1(日) 15:30
2026-03-01,20:08,life,ライフ,9,プレジデントオンライン,N/A,32,https://news.yahoo.co.jp/articles/d3ea56698228a9b0c7024e8c316dd4004bf82f2d,3/1(日) 18:15
2026-03-01,20:08,life,ライフ,10,THE GOLD ONLINE（ゴールドオンライン）,N/A,31,https://news.yahoo.co.jp/articles/c759a9411a41776c9b4dd6e99acae208c717d1da,3/1(日) 11:00
2026-03-01,20:08,life,ライフ,11,FORZA STYLE,N/A,26,https://news.yahoo.co.jp/articles/f601532d6e51ecc455329aa7ba6370d7c2a3db85,3/1(日) 12:45
2026-03-01,20:08,life,ライフ,12,THE GOLD ONLINE（ゴールドオンライン）,N/A,26,https://news.yahoo.co.jp/articles/eb9fa96be6df84f65c6deca9f7a8b25dca8e8af7,3/1(日) 14:00
2026-03-01,20:08,life,ライフ,13,THE GOLD ONLINE（ゴールドオンライン）,N/A,25,https://news.yahoo.co.jp/articles/11ad730769962122888b57d729df9c377898a84a,3/1(日) 10:30
2026-03-01,20:08,life,ライフ,14,ねとらぼ,N/A,24,https://news.yahoo.co.jp/articles/44713bab65206653f7ae8a6f53b00f5515530f03,3/1(日) 18:30
2026-03-01,20:08,life,ライフ,15,まいどなニュース,N/A,24,https://news.yahoo.co.jp/articles/11010596a3f407ca0e04019f1d6a7c8f2b010120,3/1(日) 18:00
2026-03-01,20:08,life,ライフ,16,週刊SPA!,N/A,22,https://news.yahoo.co.jp/articles/d1e5d969a891fbf7dd2082fc14a86af9e237b97b,3/1(日) 15:55
2026-03-01,20:08,life,ライフ,17,ファイナンシャルフィールド,N/A,21,https://news.yahoo.co.jp/articles/a9594c288174754c454afa4bada2691418242cc2,3/1(日) 14:20
2026-03-01,20:08,life,ライフ,18,ファイナンシャルフィールド,N/A,21,https://news.yahoo.co.jp/articles/6e23ae7731173c414b51439d7402566d0636839c,3/1(日) 13:50
2026-03-01,20:08,life,ライフ,19,FORZA STYLE,N/A,21,https://news.yahoo.co.jp/articles/29760e67fb9f86dac41f0d990bfaf41d85a48a53,3/1(日) 7:03
2026-03-01,20:08,life,ライフ,20,THE GOLD ONLINE（ゴールドオンライン）,N/A,20,https://news.yahoo.co.jp/articles/52ab3a20d0ff83b293712cad26e04475a2440a41,3/1(日) 10:00
2026-03-01,20:08,life,ライフ,21,ねとらぼ,N/A,19,https://news.yahoo.co.jp/articles/46536378c92addebcbffcabc0a95e673e4749d4a,3/1(日) 19:15
2026-03-01,20:08,life,ライフ,22,THE GOLD ONLINE（ゴールドオンライン）,N/A,19,https://news.yahoo.co.jp/articles/538c3fcce45b02e4f7f0839997bde774d5a39748,3/1(日) 8:00
2026-03-01,20:08,life,ライフ,23,ピンズバNEWS,N/A,18,https://news.yahoo.co.jp/articles/94c2797bf2e6930fdc6e99b661ffb7a88d77f272,3/1(日) 6:00
2026-03-01,20:08,life,ライフ,24,スポーツ報知,N/A,17,https://news.yahoo.co.jp/articles/755692705682c07a4f4a8f2ab784e7ef468232ec,3/1(日) 19:11
2026-03-01,20:08,life,ライフ,25,介護ポストセブン,N/A,16,https://news.yahoo.co.jp/articles/e6eb2d09aa30b90de77ce23bf96edfb260469361,3/1(日) 16:15
2026-03-01,20:08,life,ライフ,26,THE GOLD ONLINE（ゴールドオンライン）,N/A,15,https://news.yahoo.co.jp/articles/8c1dc5c0a3b75178004035483ad10e6677eb0ec2,3/1(日) 9:00
2026-03-01,20:08,life,ライフ,27,ねとらぼ,N/A,13,https://news.yahoo.co.jp/articles/d8e784cecafee224fd89632f57451a729b6a416f,3/1(日) 19:30
2026-03-01,20:08,life,ライフ,28,ほ・とせなNEWS,N/A,13,https://news.yahoo.co.jp/articles/2622ccf01636b804203ba73c4932daa9f66ee446,3/1(日) 14:24
2026-03-01,20:08,life,ライフ,29,ねとらぼ,N/A,13,https://news.yahoo.co.jp/articles/e09412dba66d90f95a5b844f280cc125d703396c,3/1(日) 14:30
2026-03-01,20:08,life,ライフ,30,ねとらぼ,N/A,12,https://news.yahoo.co.jp/articles/439e99d87ef6ec2cdf90080d332b30edfbc575a9,3/1(日) 19:00
2026-03-01,20:08,life,ライフ,31,産経新聞,N/A,12,https://news.yahoo.co.jp/articles/5290437e3bcc5d581a9451f980a73380f1513c64,3/1(日) 14:17
2026-03-01,20:08,life,ライフ,32,Hint-Pot,N/A,12,https://news.yahoo.co.jp/articles/9e3860ba32b2a940c7d40a6a07e519e946597077,3/1(日) 4:30
2026-03-01,20:08,life,ライフ,33,まいどなニュース,N/A,12,https://news.yahoo.co.jp/articles/19be5a5b001a50089afef301974732b34136b0f8,3/1(日) 16:00
2026-03-01,20:08,life,ライフ,34,ダイヤモンド・オンライン,N/A,12,https://news.yahoo.co.jp/articles/a1a611e828d71b6faf30cd3268def1e7fd5545f9,3/1(日) 7:10
2026-03-01,20:08,life,ライフ,35,AERA DIGITAL,N/A,11,https://news.yahoo.co.jp/articles/b99b00e6fb7ef42bd05bda82421e89f7dedb8a9c,3/1(日) 16:30
2026-03-01,20:08,life,ライフ,36,週刊女性PRIME,N/A,11,https://news.yahoo.co.jp/articles/48618d01e5ca6c5b0fa503d5cfc90be870d7c64e,2/28(土) 21:00
2026-03-01,20:08,life,ライフ,37,産経新聞,N/A,11,https://news.yahoo.co.jp/articles/30ef0b67c1f9021bcc06eb80a44f0856d7101da1,3/1(日) 13:41
2026-03-01,20:08,life,ライフ,38,ねとらぼ,N/A,10,https://news.yahoo.co.jp/articles/49363cdf61971932dbdc60feec6d25e56cd825be,3/1(日) 19:00
2026-03-01,20:08,life,ライフ,39,LIMO,N/A,10,https://news.yahoo.co.jp/articles/fb6aa1a6d513533eda9b01be579b764d3de87f1e,3/1(日) 18:35
2026-03-01,20:08,life,ライフ,40,よろず～ニュース,N/A,10,https://news.yahoo.co.jp/articles/35271f6257d23599f8682861b5c0bf25cef64209,3/1(日) 7:20
