scrp_date,scrp_time,genre_en,genre_jp,rank,media_jp,title,comment,link,date_original
2025-05-24,05:08,life,ライフ,1,FASHIONSNAP,GU、転売について注意喚起　「ちいかわ」コラボが定価の約3倍で出品,105,https://news.yahoo.co.jp/articles/553fb081d67aa7e4536b853460d3d51a10331dd4,5/23(金) 14:23
2025-05-24,05:08,life,ライフ,2,FORZA STYLE,「孫と風呂の何が悪い？」秘境の混浴温泉に10歳女児を連れ出す祖父。田舎に根強く残る「悪習」の根源【専門家解説】,41,https://news.yahoo.co.jp/articles/d56b99bd6ce1d7533b816494e621ee81936e6aaa,5/23(金) 21:02
2025-05-24,05:08,life,ライフ,3,FORZA STYLE,「指定席なのに、疲れる地獄」新幹線の「マナー崩壊」が止まらない...。荷物、騒音、乗客にもううんざり！【専門家解説】,33,https://news.yahoo.co.jp/articles/02c14a1c18067f61edee0e7057d6868bd7425edf,5/23(金) 7:02
2025-05-24,05:08,life,ライフ,4,週刊SPA!,元ディーラー営業マンが暴露。ガソリン車と比較して「ハイブリッドカーはおすすめしない」ワケ,32,https://news.yahoo.co.jp/articles/3b39000fd8cef29f08e069d4b7fae7e92fe3281c,5/23(金) 8:55
2025-05-24,05:08,life,ライフ,5,週刊SPA!,「黙って乗れなんてルールがどこにあるんだ」新幹線で大騒ぎする“社員旅行の集団”…車掌が注意した結果,28,https://news.yahoo.co.jp/articles/f6a1d20c075163a31acb41f8b4a8545a0793f6d0,5/23(金) 8:53
2025-05-24,05:08,life,ライフ,6,めざましmedia,「6月には2000円台で店頭に」小泉進次郎農水相が生出演で激白!「マージンのせすぎている業者も一目瞭然」今後のコメの適正価格は?,28,https://news.yahoo.co.jp/articles/b07db503382f96b242f09883d00bb2a39a36158f,5/23(金) 13:02
2025-05-24,05:08,life,ライフ,7,with online,日本の子ども95％が睡眠不足という衝撃…我が子を「19時消灯」で激変させた元教員が痛感したこと,24,https://news.yahoo.co.jp/articles/90be00ad6436bc67168656036fffa1a167729c7a,5/23(金) 20:01
2025-05-24,05:08,life,ライフ,8,Hint-Pot,「こんなんでいいんだ」外免切替、利用者は拍子抜け　試験はザル状態「はるかに運転技術や知識がない」,24,https://news.yahoo.co.jp/articles/2303d59fcc996bc0a2bdfed6d7968407f874e5ac,5/23(金) 10:06
2025-05-24,05:08,life,ライフ,9,ほ・とせなNEWS,母「ネギ買ってきて」息子におつかいを頼んだはずが…手に持っていたものに「イケメン」 「将来有望」「これは嬉しい」,23,https://news.yahoo.co.jp/articles/3aa9db08ae45ed23c780c5cfbb4efb2a8633ea50,5/23(金) 9:00
2025-05-24,05:08,life,ライフ,10,AERA with Kids＋,変化する小学校の運動会　「半日開催になってよかった」と現役教師が思うワケ,20,https://news.yahoo.co.jp/articles/84355cadb04295060f6d07b49b980a82b9105a51,5/23(金) 16:32
2025-05-24,05:08,life,ライフ,11,まいどなニュース,観光客から見た福岡のイメージ、地元民と温度差がある！？実は、よく食べるのは〝以外なアレ〟「驚異のコスパ」,16,https://news.yahoo.co.jp/articles/f5cc928fe2b1151428d58647dfd5d08d58bca371,5/23(金) 11:10
2025-05-24,05:08,life,ライフ,12,共同通信,トランプ関税、映画祭で批判続々　仏カンヌで俳優や監督,15,https://news.yahoo.co.jp/articles/d102142d8722d4426f47cf0a198a000c674fd179,5/23(金) 15:52
2025-05-24,05:08,life,ライフ,13,朝日新聞EduA,農水大臣がコメ発言で辞職 → 消費者より生産者？,15,https://news.yahoo.co.jp/articles/923fb90963ad2be08bf45b1c2512e66a986d038e,5/23(金) 11:52
2025-05-24,05:08,life,ライフ,14,産経新聞,JAがコメ高騰の主因か　農水省と自民農林族の「トライアングル」元凶　山下一仁氏に聞く,14,https://news.yahoo.co.jp/articles/ef699b34c040eabf8fe228d7e58e3365f712eef9,5/23(金) 7:00
2025-05-24,05:08,life,ライフ,15,ESSE-online,3児の母、ミキティ流手間抜き家事。「2年前から布団カバーを洗うのやめた！」,14,https://news.yahoo.co.jp/articles/7fa4f92797104d5430eddf144ba13fa211b0e0e9,5/23(金) 20:02
2025-05-24,05:08,life,ライフ,16,デイリースポーツ,小籔　マクド「ハッピーセット」転売ヤーに「あの世と地獄はあるんやぞ」　子供のおもちゃを　豊崎アナは転売サイトも対処必要と,13,https://news.yahoo.co.jp/articles/e9ce5cb5ae64f47c36f4d5548c2e6cc94ba1e188,5/23(金) 17:52
2025-05-24,05:08,life,ライフ,17,ピンズバNEWS,「衝撃だった有名人の不倫報道」ランキング、渡部建超え「イメージ激変」疑惑カップルは【トップ3】,13,https://news.yahoo.co.jp/articles/7c01b2774092db3a9941b6e51f1d5b4b3122bb95,5/23(金) 11:02
2025-05-24,05:08,life,ライフ,18,週刊SPA!,暴力を振るわれても「月給は多くて30万円前後」…介護業界で働く35歳女性が直面する“現実”「安心して生活ができるか疑問」,13,https://news.yahoo.co.jp/articles/b26cd71a9e068ff0f8ee75ce278c77c64e65764a,5/23(金) 8:52
2025-05-24,05:08,life,ライフ,19,Forbes JAPAN,「リモートの自由を返して」リベンジ退職が出社義務化で増加　企業が今とるべき3つの戦略,12,https://news.yahoo.co.jp/articles/9ac9a26e52481bd0d1a8896c9602fd5a6bd74bf4,5/23(金) 12:30
2025-05-24,05:08,life,ライフ,20,文春オンライン,「この顔で生きるのはツラい」“一重まぶた”がイヤな女子高生→「超かわいいロリータ」に大変身した19歳女性が語る、コンプレックスを乗り越えるまでの道のり,11,https://news.yahoo.co.jp/articles/0caa7fbfbd1aa76e6c9afeca6fc5c387661fdb8e,5/23(金) 17:12
2025-05-24,05:08,life,ライフ,21,ねとらぼ,【70代が選ぶ】かっこいいと思う「頭に東京と付く私立大学」ランキング！　2位は「東京医科大学」、1位は？,10,https://news.yahoo.co.jp/articles/4fccca4c4effc17c56dd38aea3e2e19bcfc3ef6d,5/23(金) 18:40
2025-05-24,05:08,life,ライフ,22,女子SPA！,「俳優・浜田雅功」15年ぶり復帰報道！賛否の三谷幸喜ドラマや、田村正和の名作も経験した演技の実力とは？,10,https://news.yahoo.co.jp/articles/4e193c26ca261c9168fc1f4f53cc384773faa81f,5/23(金) 15:46
2025-05-24,05:08,life,ライフ,23,週刊女性PRIME,「相変わらずショボい」セブン増量祭第2弾、ガッカリ声が殺到する中で“唯一好評だった商品”,10,https://news.yahoo.co.jp/articles/f78517bca6ea0c2cb5ac2117e378d3265046b456,5/23(金) 11:27
2025-05-24,05:08,life,ライフ,24,ねとらぼ,「朝から転売祭り」――「ちいかわ」「マイクラ」ハッピーセット第2弾、転売続々　購入制限も「何の意味もない」「今回もすぐ売り切れかな」,10,https://news.yahoo.co.jp/articles/c4218244a926148371568754e793d771c72165e6,5/23(金) 9:08
2025-05-24,05:08,life,ライフ,25,Hint-Pot,「これで91円だよ！　信じられない」　アメリカ人が日本のコンビニで驚愕　クオリティとコスパを絶賛したものとは,10,https://news.yahoo.co.jp/articles/7ef0d698730fbe957fcfa9ced1113276e5b4c272,5/23(金) 9:24
2025-05-24,05:08,life,ライフ,26,ウォーカープラス,「いちいちうるさいな！電子マネーだよ」決済方法を聞くと客ブチ切れ!!多様化する決済方法に店員は疲弊…【作者に聞く】,9,https://news.yahoo.co.jp/articles/6630012e6df9630a1cf7ca70fc4d163e2d954601,5/23(金) 15:00
2025-05-24,05:08,life,ライフ,27,ねとらぼ,【主婦に聞いた】ネームバリューが強いと思う「関関同立・産近甲龍の大学」ランキング！　2位は「立命館大学」、1位は？,9,https://news.yahoo.co.jp/articles/8bc1f89ebac2bf5b758245ade55c135014332814,5/23(金) 21:10
2025-05-24,05:08,life,ライフ,28,女性セブンプラス,《得する熟年離婚の戦略》離婚届を出さずにあえての別居で「婚姻費用」をもらい続ける方法、夫の死後に財産を相続できるメリットも,9,https://news.yahoo.co.jp/articles/aca17b97e1d37f7ae4d2865125a5c984ccb9d338,5/23(金) 16:00
2025-05-24,05:08,life,ライフ,29,ウォーカープラス,「#さす九」男女差別が根づく九州を皮肉るスラングが炎上!?脱出するとわかる「あれはひどかった」の声【著者に聞く】,9,https://news.yahoo.co.jp/articles/41e0136e9241d66b6a790b001338c76f4dc06875,5/23(金) 9:00
2025-05-24,05:08,life,ライフ,30,HugKum,意思に反して声や不適切な言葉が出る“トゥレット症”を小4で発症「笑われるのが本当につらかった」血が出るほど口内を噛みちぎるなど自傷行為も【菊地涼太さんの体験談】,9,https://news.yahoo.co.jp/articles/ff3439749b5dd26088eface21388a4d0cbfda9db,5/23(金) 21:30
2025-05-24,05:08,life,ライフ,31,ねとらぼ,「思ってたんと違う」　万博に“超人気キャラ”登場も……　「誰？」“予想外すぎるビジュアル”に困惑　「何かちょっと……」,9,https://news.yahoo.co.jp/articles/3f996a4af1f97368171462c6b3f41ee97cfbfe34,5/23(金) 15:29
2025-05-24,05:08,life,ライフ,32,トラベル Watch,朝は満員・昼はガラガラ、年間赤字7.8億円。名鉄蒲郡線、それでも存続する事情,9,https://news.yahoo.co.jp/articles/45e00eea9a50ae0179bfb08000a229f0ad2a0df2,5/23(金) 19:00
2025-05-24,05:08,life,ライフ,33,よろず～ニュース,電車の優先座席を妊婦に譲ったが…横から割り込んだ高齢者が「俺が座る」 困った事態に識者のオススメ策,9,https://news.yahoo.co.jp/articles/e50866fced9a58f655d1b8d89033495a2b3554ca,5/23(金) 12:30
2025-05-24,05:08,life,ライフ,34,KURU KURA（くるくら）,ゴーンショック以上の衝撃に備えよ！ 日産再建へのシナリオ、250万台規模縮小なら7工場閉鎖でも足りないか？【国沢光宏がクルマ業界にモノ申す！】第5回,9,https://news.yahoo.co.jp/articles/e44411ccc93c2e9abc6f2fff67ab9b9b3878e28d,5/23(金) 12:24
2025-05-24,05:08,life,ライフ,35,nobico（のびこ）,離婚したDV夫を「酷い大人だった」と話す娘　どうフォローすべき？【鴻上尚史の人生相談】,8,https://news.yahoo.co.jp/articles/0cbcbe5e74d6c8229d9f181b3a4ab28f46971541,5/23(金) 11:54
2025-05-24,05:08,life,ライフ,36,オリコン,パンダ4頭の帰国日決定、2000字発表「今後について」も　「いいね！は押せない…」でも「ありがとう」,8,https://news.yahoo.co.jp/articles/aaeca487d66668b9429cd0d5cb55b42c592db608,5/23(金) 22:22
2025-05-24,05:08,life,ライフ,37,CHANTO WEB,【85キロ→48キロ】間食にカップラーメン1日6個食べていた女性「人生を変える出合い」で半年間に37キロ減の大変身,8,https://news.yahoo.co.jp/articles/0ee1ae585352004342223bd5caf99395f0f6779b,5/23(金) 6:32
2025-05-24,05:08,life,ライフ,38,AERA with Kids＋,“クレしん”声優・小林由美子に聞く“ママ大爆発”の娘の中学受験「ベッドの下から『鬼滅の刃』全巻が出てきてブチギレ」,8,https://news.yahoo.co.jp/articles/944072d202f6222db2b151a978ae5277e4e2335a,5/23(金) 11:31
2025-05-24,05:08,life,ライフ,39,週刊SPA!,「こんなに待たせやがって！」飲食店に響く“迷惑老人客”の怒号…女性店員が「カスハラ条例は意味がない」と嘆くワケ,8,https://news.yahoo.co.jp/articles/55afc6d888caec20e2dd7f3897b55814ac8e301c,5/23(金) 15:53
2025-05-24,05:08,life,ライフ,40,ねとらぼ,「厳しいですね」　ハッピーセット「ちいかわ」第2弾、初日に“売り切れ報告”相次ぐ→週末に向け「無事買えるか心配」の声,7,https://news.yahoo.co.jp/articles/3dda026f963cb4cd06a8ae3b5da3817e87bca00b,5/23(金) 19:44
