scrp_date,scrp_time,genre_en,genre_jp,rank,media_jp,title,comment,link,date_original
2026-07-15,14:06,world,国際,1,ロイター,N/A,110,https://news.yahoo.co.jp/articles/852a4413575a47cabc53f031e29fc1c5e11810c6,7/15(水) 0:31
2026-07-15,14:06,world,国際,2,中央日報日本語版,N/A,86,https://news.yahoo.co.jp/articles/39168de7e324ca372326e7d72c821a51e3255fac,7/15(水) 9:00
2026-07-15,14:06,world,国際,3,中央日報日本語版,N/A,69,https://news.yahoo.co.jp/articles/dda885e1e08f20280545777f0b87f61dccdb41f1,7/15(水) 11:35
2026-07-15,14:06,world,国際,4,毎日新聞,N/A,59,https://news.yahoo.co.jp/articles/26eac0c8b59e907d49148bab8e331cd78c70eb10,7/15(水) 5:13
2026-07-15,14:06,world,国際,5,中央日報日本語版,N/A,47,https://news.yahoo.co.jp/articles/572448801a6203d4e450436a19a2fb1bd3bbc50b,7/15(水) 7:24
2026-07-15,14:06,world,国際,6,CNN.co.jp,N/A,46,https://news.yahoo.co.jp/articles/c03877bd73fdcf1a66536e1c36b54d1bc181be28,7/15(水) 11:16
2026-07-15,14:06,world,国際,7,ロイター,N/A,43,https://news.yahoo.co.jp/articles/ef9d5ec28bb170d83b05c87d1c883c42a148eed1,7/15(水) 8:35
2026-07-15,14:06,world,国際,8,中央日報日本語版,N/A,42,https://news.yahoo.co.jp/articles/0209ad35cbe4c8c01cb3708a2b2086b6f18990ee,7/15(水) 9:23
2026-07-15,14:06,world,国際,9,読売新聞オンライン,N/A,34,https://news.yahoo.co.jp/articles/75fa97599aa82bdaebb72cfbfc54fc4317127484,7/15(水) 8:23
2026-07-15,14:06,world,国際,10,ロイター,N/A,32,https://news.yahoo.co.jp/articles/c37639d3b8b48c5b61891fc32a15d0395043efd6,7/15(水) 8:32
2026-07-15,14:06,world,国際,11,ロイター,N/A,32,https://news.yahoo.co.jp/articles/5099a341129b46cd2fa75fa413e22440757446d3,7/15(水) 9:14
2026-07-15,14:06,world,国際,12,Wedge（ウェッジ）,N/A,29,https://news.yahoo.co.jp/articles/d908c9af2282b536299a369f9f7fa5bbf9a6458e,7/15(水) 5:00
2026-07-15,14:06,world,国際,13,中央日報日本語版,N/A,28,https://news.yahoo.co.jp/articles/502388b2a022f9ff5ba31c6e9c8c9589e86cbfb2,7/15(水) 11:13
2026-07-15,14:06,world,国際,14,中央日報日本語版,N/A,28,https://news.yahoo.co.jp/articles/5565f58bf1504dd9ede4a67f702b46c354cfe4ad,7/15(水) 6:57
2026-07-15,14:06,world,国際,15,毎日新聞,N/A,22,https://news.yahoo.co.jp/articles/25070036d8e903f6f14dee5af5cf984979256264,7/14(火) 22:40
2026-07-15,14:06,world,国際,16,ＡＦＰ＝時事,N/A,20,https://news.yahoo.co.jp/articles/87c4d97d77928832f59b452d4b464ba2a1803d86,7/15(水) 11:13
2026-07-15,14:06,world,国際,17,KOREA WAVE,N/A,20,https://news.yahoo.co.jp/articles/116d9feca32348ed54eb2382c6e1f37820471768,7/15(水) 11:54
2026-07-15,14:06,world,国際,18,ＡＦＰ＝時事,N/A,20,https://news.yahoo.co.jp/articles/bc2fcea60738305940ca52517b7e88e92caa0e65,7/15(水) 12:16
2026-07-15,14:06,world,国際,19,毎日新聞,N/A,19,https://news.yahoo.co.jp/articles/d43f18c663a6a5db3de4f4b950458a37bd749f29,7/15(水) 1:35
2026-07-15,14:06,world,国際,20,テレビ朝日系（ANN）,N/A,18,https://news.yahoo.co.jp/articles/6be74abb48dff9e482caaa4b7d66cfb0767ffb00,7/15(水) 5:50
2026-07-15,14:06,world,国際,21,FNNプライムオンライン（フジテレビ系）,N/A,17,https://news.yahoo.co.jp/articles/abad16d49ce08cc5e567f3f4a21a30b834d5ab00,7/15(水) 6:12
2026-07-15,14:06,world,国際,22,共同通信,N/A,17,https://news.yahoo.co.jp/articles/3a5f8bd939912f96bab999092b653552e7f72594,7/15(水) 4:16
2026-07-15,14:06,world,国際,23,共同通信,N/A,17,https://news.yahoo.co.jp/articles/a50dc2efbec6e1530dc8551a7aa5662c3c69ee44,7/15(水) 0:43
2026-07-15,14:06,world,国際,24,時事通信,N/A,16,https://news.yahoo.co.jp/articles/cbfc92bf466a1f5443cd10f6fa0cf87e3c1488ca,7/14(火) 21:37
2026-07-15,14:06,world,国際,25,中央日報日本語版,N/A,15,https://news.yahoo.co.jp/articles/c962e17bc9ef2b2de82d7f2de485d02add2b1c62,7/15(水) 8:40
2026-07-15,14:06,world,国際,26,中央日報日本語版,N/A,15,https://news.yahoo.co.jp/articles/cc35fd14bbfb791f0d2598e0771e4eb41ead822a,7/15(水) 9:46
2026-07-15,14:06,world,国際,27,共同通信,N/A,15,https://news.yahoo.co.jp/articles/9de99f33feea0f6e6c4a8acd04fe9e1b6eb8841f,7/15(水) 11:29
2026-07-15,14:06,world,国際,28,産経新聞,N/A,14,https://news.yahoo.co.jp/articles/78af24a57e30e48eb018006a173b9ab5901d51f4,7/15(水) 8:43
2026-07-15,14:06,world,国際,29,BBC News,N/A,14,https://news.yahoo.co.jp/articles/fff1e7e0089adc4bcd7ee69e4a82be5dad1768ca,7/15(水) 9:40
2026-07-15,14:06,world,国際,30,TBS NEWS DIG Powered by JNN,N/A,13,https://news.yahoo.co.jp/articles/c23c1728c31df8b2af6b3e885f23400f72a96209,7/14(火) 16:27
2026-07-15,14:06,world,国際,31,CNN.co.jp,N/A,13,https://news.yahoo.co.jp/articles/d1cbef139f2013ea0c070426b6fafef98c5f4a58,7/15(水) 10:00
2026-07-15,14:06,world,国際,32,共同通信,N/A,13,https://news.yahoo.co.jp/articles/d47c0ef043dce6667fae42d366192b347d7b3aa3,7/15(水) 7:20
2026-07-15,14:06,world,国際,33,中央日報日本語版,N/A,13,https://news.yahoo.co.jp/articles/4dbcd58c08fb74f88705ca9b9f34023654d5557a,7/15(水) 8:45
2026-07-15,14:06,world,国際,34,時事通信,N/A,13,https://news.yahoo.co.jp/articles/42686eb9e01fa8b723e2373a9b9d71c5f3f07e81,7/14(火) 21:38
2026-07-15,14:06,world,国際,35,FNNプライムオンライン（フジテレビ系）,N/A,13,https://news.yahoo.co.jp/articles/b5a9c9a68cec4ac762660505342be60242e5117a,7/15(水) 11:00
2026-07-15,14:06,world,国際,36,ＡＦＰ＝時事,N/A,13,https://news.yahoo.co.jp/articles/c395d562bac169479a6a6cec81665eb47569a17f,7/15(水) 12:28
2026-07-15,14:06,world,国際,37,日テレNEWS NNN,N/A,12,https://news.yahoo.co.jp/articles/03ff30cd5deacdc422a920706dc776a26b57e809,7/15(水) 8:04
2026-07-15,14:06,world,国際,38,NEWSポストセブン,N/A,12,https://news.yahoo.co.jp/articles/5d5bcd16ede0f9e9f0d815afe6f497645a8c90b7,7/14(火) 16:15
2026-07-15,14:06,world,国際,39,中央日報日本語版,N/A,12,https://news.yahoo.co.jp/articles/a9a9236c69f6164a5d5d1a4a735049147868e337,7/15(水) 12:04
2026-07-15,14:06,world,国際,40,日テレNEWS NNN,N/A,12,https://news.yahoo.co.jp/articles/95f776e1da163506011df428f82fdad21816ad02,7/15(水) 7:11
