scrp_date,scrp_time,genre_en,genre_jp,rank,media_jp,title,comment,link,date_original
2024-01-23,07:17,business,経済,1,NEWSポストセブン,【港区女子が騒動】ラウンジ嬢とトラブルの高級寿司店「鮨よし田」大将は憔悴も「弁護士さんと話しています」,125,https://news.yahoo.co.jp/articles/4f138d80a82e135dc1d3411bfdbd8714d0d2ff7b,1/22(月) 18:35
2024-01-23,07:17,business,経済,2,東京商工リサーチ,2023年「ラーメン店」の倒産、 休廃業が過去最多 倒産が45件、 休廃業は29件、コストアップが重荷,83,https://news.yahoo.co.jp/articles/b39bda58f8c335abc4867a99361653837d478b10,1/22(月) 16:00
2024-01-23,07:17,business,経済,3,TBS NEWS DIG Powered by JNN,【速報】日経平均終値583円高　3万6546円　バブル後最高値を更新,52,https://news.yahoo.co.jp/articles/3a1752eed8d4b3afc78d7e3a5ca2492498ef3ce3,1/22(月) 15:03
2024-01-23,07:17,business,経済,4,週刊SPA!,「28連勤が半年続いている」52歳飲食店バイトの悲鳴。深夜はワンオペでボロボロ…それでも働かなければいけない理由,48,https://news.yahoo.co.jp/articles/c5e3e94b96690d0c5387402779d20bde32abdd30,1/22(月) 8:55
2024-01-23,07:17,business,経済,5,乗りものニュース,自衛隊が「慎重すぎる」のか？ 高速自慢の「オスプレイ」能登へ出向かない理由とは,35,https://news.yahoo.co.jp/articles/3f83746d8b040b5f08bd0e8bb971ba2a00ea2fe4,1/23(火) 6:12
2024-01-23,07:17,business,経済,6,共同通信,NY株、一時3万8千ドル台　史上初、ハイテク株に買い,17,https://news.yahoo.co.jp/articles/20c18d58667fadade584acb3d8df887d5dc99449,1/23(火) 0:28
2024-01-23,07:17,business,経済,7,乗りものニュース,羽田衝突事故でJAL「350席超の大型機」1機消失…どうするの？ 「追加の1機が来るまで」の対策とは,16,https://news.yahoo.co.jp/articles/d0a3e5a9e1930b6129e3473523c0422577e158c2,1/22(月) 8:12
2024-01-23,07:17,business,経済,8,マネーポストWEB,パチンコに新機能「ラッキートリガー」搭載　爆発力の高い“MAXタイプ”が復活するのか、ファンたちの期待と不安,15,https://news.yahoo.co.jp/articles/fd17ab3ae6d28fdcee891b05cf463847e2cc2f57,1/22(月) 16:15
2024-01-23,07:17,business,経済,9,JBpress,通勤快速廃止で騒動に発展した京葉線、JR東日本千葉支社vs沿線自治体の言い分,15,https://news.yahoo.co.jp/articles/e7a1f11755f72a22a00b372091af81e7cbbc3e7a,1/22(月) 10:46
2024-01-23,07:17,business,経済,10,Merkmal,中央道の謎！ 高井戸IC下り線に「入口」がない深刻理由 いったいどのくらい不便なのか,14,https://news.yahoo.co.jp/articles/db771952ecfc2f763b4374d5c5bbd4819949a7ab,1/23(火) 5:41
2024-01-23,07:17,business,経済,11,ITmedia ビジネスオンライン,なぜ鉄道から喫煙室が消えたのか　「喫煙者の減少」だけではない理由,12,https://news.yahoo.co.jp/articles/0d3f12f1c8e2f1897fa51d313d7f2bd8387f560b,1/22(月) 8:14
2024-01-23,07:17,business,経済,12,Bloomberg,内閣支持率は低迷続く、３派閥解散でも「危険水域」－世論調査,11,https://news.yahoo.co.jp/articles/2b5b1314021c4accaac96b849229e3b2f615a4da,1/22(月) 10:12
2024-01-23,07:17,business,経済,13,LIMO,40歳代「マイホームを取得する考えはない」39.3%。改めて持ち家or賃貸のメリット・デメリットを考える,10,https://news.yahoo.co.jp/articles/494d6e4ae45ca701b2e8dc5b7f6bcfa2132656c4,1/23(火) 5:26
2024-01-23,07:17,business,経済,14,東洋経済オンライン,「カラオケまねきねこ」がコロナ禍の苦境から華麗に復活したワケ,10,https://news.yahoo.co.jp/articles/5b0011963b4b97359452062c31badd29a8abdfda,1/22(月) 9:47
2024-01-23,07:17,business,経済,15,東洋経済オンライン,北朝鮮とロシアの関係に中国が激怒していた！　金正恩・プーチン首脳会談で習近平がご立腹！,9,https://news.yahoo.co.jp/articles/eed3a40e879b41dd65a77bc2f500ba331d3d2e24,1/23(火) 5:51
2024-01-23,07:17,business,経済,16,みんかぶマガジン,竹中平蔵「生産性低いのに給料が高い日本人よりもChatGPTだ」…AIで失職する人は実質的にはもう失職している人,9,https://news.yahoo.co.jp/articles/e89657740afdb71341367279c1d8c6953a7544b6,1/22(月) 17:10
2024-01-23,07:17,business,経済,17,週刊SPA!,日経平均3万6000円超え。「プロが買った／注目している個別株」8銘柄。新NISAで買うべきはインデックス投信じゃない,9,https://news.yahoo.co.jp/articles/0fcd2d710309f197fa3c96cc12548b923ce0b282,1/22(月) 8:52
2024-01-23,07:17,business,経済,18,共同通信,工場再開、顧客の理解必要　ダイハツ、新車発売影響も,9,https://news.yahoo.co.jp/articles/22a6d6f28f89a888d84e26a431a643c77b4aafc2,1/22(月) 19:18
2024-01-23,07:17,business,経済,19,くるまのニュース,片手ハンドルで「キメ顔」！ 実はめちゃ「カッコ悪い」運転だった!? しかも「重大事故の原因」にも！ 正しい運転「姿勢」とは,8,https://news.yahoo.co.jp/articles/e712b05bfebaa4ae1e4c23005984800dce48817f,1/22(月) 11:10
2024-01-23,07:17,business,経済,20,乗りものニュース,ロシア軍自慢の新鋭戦車「T-90M」、機関砲で“滅多打ち”にされ撃破 ウクライナ国防省が映像公開,8,https://news.yahoo.co.jp/articles/3a0d7338f864b156316b87fa7b9da0d85599c2fa,1/22(月) 17:12
2024-01-23,07:17,business,経済,21,共同通信,国の債務超過、過去最悪の702兆円,8,https://news.yahoo.co.jp/articles/f4fd8ff1a17aad2d494a10a61de9be9c1b47b3cf,1/22(月) 20:21
2024-01-23,07:17,business,経済,22,ファイナンシャルフィールド,賃貸暮らしの「60代」夫婦です。引越しを考えていますが、私たちのような「高齢者」でも部屋を借りられるのでしょうか？,8,https://news.yahoo.co.jp/articles/e14c97f152611dc01b14d0d8271b2904327789cc,1/22(月) 16:50
2024-01-23,07:17,business,経済,23,WEB CARTOP,路駐車を避けるために「ちょっと車線をはみ出す」クルマ！　ウインカーは出すべきなのか警察の回答は？,8,https://news.yahoo.co.jp/articles/613989af0b58088da750f2f2c0a2de56373210ab,1/22(月) 10:10
2024-01-23,07:17,business,経済,24,くるまのニュース,「不人気車」「不人気カラー」の中古車は安く買える？ あえて狙った方が良い？ コスパ重視な中古車の選び方は？,8,https://news.yahoo.co.jp/articles/b4bdc777f97d1002c087bb131a0fcc30159ecb5e,1/22(月) 20:10
2024-01-23,07:17,business,経済,25,くるまのニュース,スズキ新型「ジムニー5ドア」24年夏発売！ 400万円前後で登場!? 実車展示の反響多し！ すでに受注も？,8,https://news.yahoo.co.jp/articles/8cf77f4e0c87cc7931f6961459c375b66f99329d,1/22(月) 11:50
2024-01-23,07:17,business,経済,26,ビジネス＋IT,累計5億個「ベイブレード」大成功の裏側、知られざるタカラトミーの命がけの経営判断,7,https://news.yahoo.co.jp/articles/92d8036ce80bb130d744275519aba9c477b9600b,1/23(火) 6:40
2024-01-23,07:17,business,経済,27,ファイナンシャルフィールド,平均的な年収は「400万円台」といわれますが、統計上の平均年収は何円？,7,https://news.yahoo.co.jp/articles/26a17514cbecae11e992d0dda96e96f1a1468bb6,1/22(月) 13:40
2024-01-23,07:17,business,経済,28,共同通信,海外投資家、脚光浴びる　デフレ脱却に注目,7,https://news.yahoo.co.jp/articles/5a963eedc5c0bfd321d74eedb1e264a4a1795a27,1/22(月) 19:23
2024-01-23,07:17,business,経済,29,Nosweb.jp,「今でも守り続けています」良き思い出は家族4人で行った花火大会,7,https://news.yahoo.co.jp/articles/5bcbeb9ec5e32a9466a13e006d93460b11815616,1/22(月) 12:05
2024-01-23,07:17,business,経済,30,ファイナンシャルフィールド,来年定年ですが、「再雇用」を希望しています。定年前後で「仕事内容」や「給料」はやはり変わってしまうのでしょうか？,7,https://news.yahoo.co.jp/articles/d4c9539449b1c3fc1f2474aa1bd1b2cc7ea9503e,1/22(月) 19:11
2024-01-23,07:17,business,経済,31,くるまのニュース,最強免許「フルビット免許証」が実在した!? 全「15種類」取得でいくら掛かる？ 難しい免許のコンプリート方法とは,7,https://news.yahoo.co.jp/articles/10f2820acd545452d586c6f0247e4830be065d20,1/22(月) 9:10
2024-01-23,07:17,business,経済,32,くるまのニュース,ド迫力“Sクラス顔”の新型「超高級ミニバン」登場！ 豪華すぎる「究極モデル」に反響多数！ キング・オブ・ミニバン「新型Vクラス」独発売へ,7,https://news.yahoo.co.jp/articles/68e4f3a5e87ce92947b1be457f429bed9f1196ee,1/22(月) 7:40
2024-01-23,07:17,business,経済,33,くるまのニュース,顔の「圧」がスゴい！ ド迫力グリル装備のトヨタ「アルファード」が登場！ 存在感ハンパない“SUPERIOR仕様”に反響は,7,https://news.yahoo.co.jp/articles/bbde7084bcfad14b1089ea5cc7f00c1428e7e7b8,1/22(月) 14:50
2024-01-23,07:17,business,経済,34,ロイター,EXCLUSIVE-中国が人民元支援、主要国有銀行が国内市場でドル売り＝関係筋,6,https://news.yahoo.co.jp/articles/05030e162b0062f089c6d214989e084402e82d48,1/22(月) 17:59
2024-01-23,07:17,business,経済,35,ロイター,アップル、ロシアに罰金1365万ドルを支払う＝ＦＡＳ,6,https://news.yahoo.co.jp/articles/d60bb6a3a7df797a0bf5cdbf30b1b5f7d81796fe,1/23(火) 1:54
2024-01-23,07:17,business,経済,36,読売新聞オンライン,中国の原油輸入、ロシアが最大相手国に…天然ガスの輸入額も６割増,6,https://news.yahoo.co.jp/articles/609cb6402aa95e1d5348392557fdd13585f4cb7a,1/22(月) 7:41
2024-01-23,07:17,business,経済,37,ニュースイッチ,ダイハツ不正…国交省、「グランマックス」など5車種の出荷停止を解除,6,https://news.yahoo.co.jp/articles/ef0cd8b4527271511fbd899bf43291b7f6fba893,1/22(月) 9:10
2024-01-23,07:17,business,経済,38,OneNews,カレーの歴史が実に深い!!「なぜ人気に？」「いつ日本に？」ハウス食品に聞いたカレーの歴史と国民食になった理由がおもしろい！,6,https://news.yahoo.co.jp/articles/a61d9abffd3e73673ed4a76cd54958d87fcc683e,1/22(月) 12:00
2024-01-23,07:17,business,経済,39,プレジデントオンライン,「失われた30年」はついに終わるのか…日経平均が「33年ぶりの高値」を更新した3つの理由,6,https://news.yahoo.co.jp/articles/83bd4756edfa04c5ff03a04c6ffd6f86dc9f79f3,1/22(月) 9:17
2024-01-23,07:17,business,経済,40,WWDJAPAN.com,藤田ニコルが新作“ハートブラ”を披露　「ピーチ・ジョン」30周年を盛り上げる,6,https://news.yahoo.co.jp/articles/3908c00c03c233f1ff46096ce0b5b60859dd808c,1/22(月) 16:00
