scrp_date,scrp_time,genre_en,genre_jp,rank,media_jp,title,comment,link,date_original
2026-05-10,14:20,entertainment,エンタメ,1,日刊スポーツ,N/A,707,https://news.yahoo.co.jp/articles/46b5676002742fe6846dd63ad1c8c9b630b6df66,5/10(日) 11:06
2026-05-10,14:20,entertainment,エンタメ,2,スポニチアネックス,N/A,151,https://news.yahoo.co.jp/articles/93d3b4e045a5c113aa712ef0559a0a6e03494803,5/9(土) 16:08
2026-05-10,14:20,entertainment,エンタメ,3,日刊スポーツ,N/A,143,https://news.yahoo.co.jp/articles/1135c99f9eb1b9c3a71ffb10e0801696e6b4b7ae,5/10(日) 12:34
2026-05-10,14:20,entertainment,エンタメ,4,ENCOUNT,N/A,89,https://news.yahoo.co.jp/articles/681fbfdfa94570dd54d90ba439b654264cf7dfb4,5/10(日) 11:45
2026-05-10,14:20,entertainment,エンタメ,5,日刊スポーツ,N/A,87,https://news.yahoo.co.jp/articles/51837a26729e51fe8a5e857e35f61c910b3ec293,5/10(日) 6:00
2026-05-10,14:20,entertainment,エンタメ,6,オリコン,N/A,72,https://news.yahoo.co.jp/articles/426c648ea89582c489131acd2ddbaa83f2b87016,5/10(日) 12:00
2026-05-10,14:20,entertainment,エンタメ,7,J-CASTニュース,N/A,66,https://news.yahoo.co.jp/articles/b6af93b9e86e577aaef5fa53286a718f20417199,5/10(日) 10:30
2026-05-10,14:20,entertainment,エンタメ,8,スポニチアネックス,N/A,64,https://news.yahoo.co.jp/articles/14faeb37125f0fd3b626ee830805e284db96675c,5/9(土) 18:12
2026-05-10,14:20,entertainment,エンタメ,9,日刊スポーツ,N/A,53,https://news.yahoo.co.jp/articles/3861400cf827b157540fcf0f0dcebd75803b227c,5/10(日) 13:33
2026-05-10,14:20,entertainment,エンタメ,10,スポニチアネックス,N/A,50,https://news.yahoo.co.jp/articles/920d991770945641847e711dbacfd11024236ce4,5/10(日) 11:14
2026-05-10,14:20,entertainment,エンタメ,11,スポニチアネックス,N/A,49,https://news.yahoo.co.jp/articles/33e485ab370f2c18bab106b5be3dea83a9f06b8c,5/10(日) 12:57
2026-05-10,14:20,entertainment,エンタメ,12,日刊スポーツ,N/A,46,https://news.yahoo.co.jp/articles/6cddd258fcb393592f08dbd92d1476fba129af94,5/10(日) 11:00
2026-05-10,14:20,entertainment,エンタメ,13,スポニチアネックス,N/A,42,https://news.yahoo.co.jp/articles/63017f109a15912dbb646ea949b45848ef494967,5/10(日) 10:59
2026-05-10,14:20,entertainment,エンタメ,14,スポニチアネックス,N/A,42,https://news.yahoo.co.jp/articles/22529df3fce0b5efd8874cc5f3534208cda9442c,5/9(土) 15:33
2026-05-10,14:20,entertainment,エンタメ,15,スポニチアネックス,N/A,38,https://news.yahoo.co.jp/articles/10384f65e63dcd2e90603b9d2c14961a6847a0da,5/10(日) 13:01
2026-05-10,14:20,entertainment,エンタメ,16,まいどなニュース,N/A,37,https://news.yahoo.co.jp/articles/c0f0dda5ccdc8a2738de2a4a649e34f60f910eb5,5/10(日) 8:45
2026-05-10,14:20,entertainment,エンタメ,17,SPA!,N/A,37,https://news.yahoo.co.jp/articles/22c12ba192323748f8e3b97202ebe1f09abe4cac,5/9(土) 15:55
2026-05-10,14:20,entertainment,エンタメ,18,日刊スポーツ,N/A,35,https://news.yahoo.co.jp/articles/f8a43e6af3e588a84a77e339eac6fce2aa92a28b,5/10(日) 7:31
2026-05-10,14:20,entertainment,エンタメ,19,西スポWEB OTTO！,N/A,34,https://news.yahoo.co.jp/articles/c7ed5eab76a230e72560347436dd0b182b6c8d84,5/10(日) 10:50
2026-05-10,14:20,entertainment,エンタメ,20,日刊スポーツ,N/A,33,https://news.yahoo.co.jp/articles/7f8f3d6310a46ddeb6da158400fe44909e5438ff,5/10(日) 13:21
2026-05-10,14:20,entertainment,エンタメ,21,スポニチアネックス,N/A,33,https://news.yahoo.co.jp/articles/ccc6f07e7543b4147d735526f080f41396321a58,5/9(土) 22:23
2026-05-10,14:20,entertainment,エンタメ,22,よろず～ニュース,N/A,31,https://news.yahoo.co.jp/articles/25f2e9fdbbd30bf7cadaa7ed677a7d077f212809,5/10(日) 8:30
2026-05-10,14:20,entertainment,エンタメ,23,デイリースポーツ,N/A,30,https://news.yahoo.co.jp/articles/5f77ce6b82f039970207e2af6d7d46aee9776de9,5/10(日) 13:16
2026-05-10,14:20,entertainment,エンタメ,24,デイリースポーツ,N/A,29,https://news.yahoo.co.jp/articles/a0c93a26dbd5da6360a1ffc419bdeab89336b7f3,5/10(日) 12:35
2026-05-10,14:20,entertainment,エンタメ,25,スポーツ報知,N/A,28,https://news.yahoo.co.jp/articles/6233c0a2368a87124f6e0885296b3038d2bd93f0,5/10(日) 5:55
2026-05-10,14:20,entertainment,エンタメ,26,スポニチアネックス,N/A,27,https://news.yahoo.co.jp/articles/537bb124732904d9cd291e486e903abab3b86248,5/9(土) 21:51
2026-05-10,14:20,entertainment,エンタメ,27,スポーツ報知,N/A,26,https://news.yahoo.co.jp/articles/a4d37e92ada255b07a12de9d42855681a62382dc,5/10(日) 6:55
2026-05-10,14:20,entertainment,エンタメ,28,スポーツ報知,N/A,25,https://news.yahoo.co.jp/articles/0da9d1e1f703428c527e5dc2a3c46c15bba81046,5/10(日) 11:46
2026-05-10,14:20,entertainment,エンタメ,29,スポニチアネックス,N/A,25,https://news.yahoo.co.jp/articles/250b76508163c6839fd4bcaf5a005e0727c08954,5/9(土) 18:51
2026-05-10,14:20,entertainment,エンタメ,30,SmartFLASH,N/A,25,https://news.yahoo.co.jp/articles/18da4e4299dbae4f9c64eaa634aa9b017e63e989,5/9(土) 18:25
2026-05-10,14:20,entertainment,エンタメ,31,日刊スポーツ,N/A,24,https://news.yahoo.co.jp/articles/051045c367d1c5307d243ebe0e48a3545aceef75,5/10(日) 10:45
2026-05-10,14:20,entertainment,エンタメ,32,スポーツ報知,N/A,23,https://news.yahoo.co.jp/articles/a52b1030e6654b6fc0bd7cd2e83d1a53a59bad32,5/10(日) 8:38
2026-05-10,14:20,entertainment,エンタメ,33,スポニチアネックス,N/A,22,https://news.yahoo.co.jp/articles/861e6f8a16d6afb4dae1ca61645488fdfcef3823,5/10(日) 11:32
2026-05-10,14:20,entertainment,エンタメ,34,ABEMA TIMES,N/A,21,https://news.yahoo.co.jp/articles/3da4165bd9b5701891f9cf7ba33b232849d57ed6,5/10(日) 13:06
2026-05-10,14:20,entertainment,エンタメ,35,西スポWEB OTTO！,N/A,21,https://news.yahoo.co.jp/articles/66ae91437d11bce99f6eb5939d4efafdd1b26b35,5/10(日) 7:30
2026-05-10,14:20,entertainment,エンタメ,36,スポニチアネックス,N/A,21,https://news.yahoo.co.jp/articles/ea426de63dd0972b5909f595389a35971eb494fb,5/10(日) 7:44
2026-05-10,14:20,entertainment,エンタメ,37,マグミクス,N/A,21,https://news.yahoo.co.jp/articles/fbe45cdbb7990798d017f6fa3577e656804b7f1c,5/10(日) 9:25
2026-05-10,14:20,entertainment,エンタメ,38,女性自身,N/A,21,https://news.yahoo.co.jp/articles/2d8109b8302e372ee27751c0009ab25977ad9ebd,5/10(日) 11:00
2026-05-10,14:20,entertainment,エンタメ,39,めざましmedia,N/A,20,https://news.yahoo.co.jp/articles/c3f3e05f1403ea4119f7f854f3b3db5a3f190712,5/10(日) 13:13
2026-05-10,14:20,entertainment,エンタメ,40,スポニチアネックス,N/A,20,https://news.yahoo.co.jp/articles/e80a8bbde6d01d96e8c7cdd73d656560625a6d49,5/10(日) 10:36
