scrp_date,scrp_time,genre_en,genre_jp,rank,media_jp,title,comment,link,date_original
2025-08-03,12:41,business,経済,1,東洋経済オンライン,「流山って“千葉のニコタマ”って言われてるのか…え、開発した会社が同じなの!?」　人口急増の街・流山を洗練させ続ける会社の“正体”,100,https://news.yahoo.co.jp/articles/77244f42d1d8f999304248e4d83744ff61b45780,8/3(日) 6:31
2025-08-03,12:41,business,経済,2,ファイナンシャルフィールド,国の予想より「14年」も早く、出生数が70万人割れ！ 今の生活では実感がわかないけど…… 将来、何が起こるの？,83,https://news.yahoo.co.jp/articles/3f3f2002e3f66cc7242ac32d4e8460eb642a2d37,8/3(日) 9:10
2025-08-03,12:41,business,経済,3,産経新聞,「卒業アルバム」がなくなる日　性的加工、情報流出リスク　存続求める声強く、進化模索も,68,https://news.yahoo.co.jp/articles/625b7cf4de6c0ffb7a2653e780bf8ef7a24f46a1,8/2(土) 19:00
2025-08-03,12:41,business,経済,4,THE GOLD ONLINE（ゴールドオンライン）,日本で高福祉・高負担が難しい理由…日本がスウェーデンになれない“構造的な違い”とは【国際税務の専門家が解説】,60,https://news.yahoo.co.jp/articles/c795116e2fc3018253c8449df64ee6f341d6acda,8/3(日) 11:01
2025-08-03,12:41,business,経済,5,読売新聞オンライン,中国が生産の９６％握るガリウム、日米で豪州に生産設備…レアメタル安定調達で経済安保強化,49,https://news.yahoo.co.jp/articles/109b06d2af0d7244a1feee1012a96a325eb48ca1,8/3(日) 5:00
2025-08-03,12:41,business,経済,6,ファイナンシャルフィールド,「日本の平均年収は460万円」と聞きますが、これは東京や大阪など都市部のみでしょうか？地方在住だと、どれくらいの年収が“平均的”とされるのでしょうか？,48,https://news.yahoo.co.jp/articles/5a1e67bb3308da5bf7c02c0723208d501848a8e3,8/3(日) 11:40
2025-08-03,12:41,business,経済,7,ダイヤモンド・オンライン,イチローの英語スピーチが「中学レベル＋α」でも世界から絶賛されたワケ【専門家が解説】,48,https://news.yahoo.co.jp/articles/1ecfd5b89cea04307ae732990b073536eb8ada1f,8/3(日) 6:01
2025-08-03,12:41,business,経済,8,ファイナンシャルフィールド,会社では飲み物を持参し、昼食は200円以内で手作り…都内で手取り19万円でもこんな生活をするしかないのですが、普通でしょうか？,46,https://news.yahoo.co.jp/articles/d0c65246f4049d5b17a6af47a2fda285ebbaca64,8/3(日) 11:30
2025-08-03,12:41,business,経済,9,ベストカーWeb,なんと中国でEVが値引き合戦!? 急成長市場もまさかの息切れの気配か,45,https://news.yahoo.co.jp/articles/8d5a28758a602086cfd5e3c0637aad556844bf04,8/3(日) 9:00
2025-08-03,12:41,business,経済,10,東洋経済オンライン,「1秒でも早く脱ぎたい！」グンゼ『アセドロン』猛暑のインナーを変えた新機能… 200万枚突破、大ヒットのワケ,43,https://news.yahoo.co.jp/articles/f496da0bacaabc312f1f46edb982adb1ed31026e,8/3(日) 5:01
2025-08-03,12:41,business,経済,11,鉄道コム,「増発」「急行運転」はできないの？　「日本一混む路線」日暮里・舎人ライナーの改善が困難な理由とは,43,https://news.yahoo.co.jp/articles/1903efa5129e4b843c4a02ef842ce3396331783b,8/3(日) 10:35
2025-08-03,12:41,business,経済,12,共同通信,厚生年金の加入漏れ97万人　事業者が保険料負担逃れ,42,https://news.yahoo.co.jp/articles/e7e9247ee2101c5a1a13b7f1b655385c3d84cc7f,8/2(土) 16:41
2025-08-03,12:41,business,経済,13,東洋経済オンライン,イギリスではわずか44日で政権が崩壊、最近の金利上昇が示唆する“多党化時代”の日本に迫り来る「トリプル安」の恐怖,41,https://news.yahoo.co.jp/articles/cc12b89010befcd7e9164312eed216c68fdd27eb,8/3(日) 8:01
2025-08-03,12:41,business,経済,14,THE GOLD ONLINE（ゴールドオンライン）,"専業主婦として長い間支えてくれてありがとう…「退職金2,400万円」「年金329万円」感謝の気持ち「47万円のブランドバッグ」を買って帰宅した65歳夫。定年翌日、63歳妻から静かに告げられた〈人生が覆るひと言〉",37,https://news.yahoo.co.jp/articles/5a65f4d391cd68dcebbdaf1531f85a6347c30087,8/3(日) 5:01
2025-08-03,12:41,business,経済,15,THE GOLD ONLINE（ゴールドオンライン）,働き者で優しい夫、享年69歳で死去。遺された妻、〈貯金300万円〉〈遺族年金月8万円〉の“あまりに厳しい現実”と“ひた隠しにされた秘密”に静かな涙「あまりに情けない」,36,https://news.yahoo.co.jp/articles/29612886d21b0785267a42b381f67603c0d54426,8/3(日) 10:01
2025-08-03,12:41,business,経済,16,ニューズウィーク日本版,結局、TACOだったトランプ米大統領...関税交渉で最悪の事態回避も、日本経済の厳しい夏は続く,35,https://news.yahoo.co.jp/articles/8b6c49d543a398df99ea2299817ddad92c8ba901,8/3(日) 11:30
2025-08-03,12:41,business,経済,17,ファイナンシャルフィールド,「誰も住んでいない家」を更地にしたら、固定資産税が「5万円→30万円」に…。空き家を放置せず壊したのになぜ税金が高くなるのでしょうか？,31,https://news.yahoo.co.jp/articles/8dc856df3d9f227828529cb2a1525b930c2799ea,8/3(日) 10:10
2025-08-03,12:41,business,経済,18,みんかぶマガジン,「何でも無償化」の先は”地獄”が待っている…「医療費無償化で起きた子どもへの投薬過剰問題」それでも政府は減税を否定する,31,https://news.yahoo.co.jp/articles/2a19d241061448feef7cacc93d9c0cc05ad76a9d,8/3(日) 9:10
2025-08-03,12:41,business,経済,19,ファイナンシャルフィールド,「35年固定で月13万円払ってる」と言ったら、「年収700万円台くらい？」と見抜かれました。住宅ローンの額で年収がバレるのでしょうか？,28,https://news.yahoo.co.jp/articles/8e671fe631014e4309d0f5d6961d043b45104b00,8/3(日) 11:10
2025-08-03,12:41,business,経済,20,東洋経済オンライン,国税庁とのバトルが激化、狭まる“富裕層包囲網”。ルールどおり申告しても待ったがかかるケース続出,26,https://news.yahoo.co.jp/articles/31ec984a670a0be3f678b74b5d4e02126ed9f723,8/3(日) 5:31
2025-08-03,12:41,business,経済,21,36Kr Japan,中国EV1年後残価率、シャオミ「SU7」が首位　国産勢躍進,19,https://news.yahoo.co.jp/articles/f532963cf45bd3fd6d0764e97530f09ede5e841f,8/3(日) 11:30
2025-08-03,12:41,business,経済,22,産経新聞,そっくり「ニセ日本製」はびこる海外ECサイト　国内メーカー、模倣品対処もいたちごっこ,18,https://news.yahoo.co.jp/articles/bc1c50dc43168560a59d76907c813557b100c3a0,8/3(日) 12:00
2025-08-03,12:41,business,経済,23,ハフポスト日本版,「さすが分かってる」ホテルオークラ、長岡花火大会での宿泊者への配慮に称賛の声。「何時でもお待ちしております」,18,https://news.yahoo.co.jp/articles/7f3952a4a664bd6e0904e87fbda3a8c677b89e74,8/3(日) 11:38
2025-08-03,12:41,business,経済,24,集英社オンライン,体格と脱臼に泣いた千代の富士はキャリアの壁にぶつかった時どう乗り越えたのか？　毎日1000回の腕立てと筋トレだけに止まらない大横綱の壁を破る力に学ぶこと,18,https://news.yahoo.co.jp/articles/9cb8c452a8186bfe58e052f2b14f1e54c6454b15,8/3(日) 11:01
2025-08-03,12:41,business,経済,25,NEWSポストセブン,「水道水にカップ5杯の重曹を入れてグルグル…」岐阜県・池田温泉「高級旅館」の部屋風呂に“温泉偽装”疑惑　ヌルヌルと評判のお湯の真実は…“夜逃げ”オーナーは直撃に「誰からのリークなの？　それ」,18,https://news.yahoo.co.jp/articles/7906f19cebe0fe142992c32c476f26b6733804af,8/2(土) 15:58
2025-08-03,12:41,business,経済,26,AMP［アンプ］,東大32位・京大50位──QS世界大学ランキングが示す“研究大国ニッポン”後退とアジア勢の躍進,16,https://news.yahoo.co.jp/articles/f0cb2f3ddd402e23275c693433e80dcb402b219c,8/3(日) 12:04
2025-08-03,12:41,business,経済,27,THE GOLD ONLINE（ゴールドオンライン）,「減税」と「年金」が衝突する…トランプ政権の財政政策がもたらす深刻な余波【国際税理士が解説】,16,https://news.yahoo.co.jp/articles/cd66ada69fad8d2b918e59a66ff9b9bc269b3806,8/3(日) 11:01
2025-08-03,12:41,business,経済,28,東洋経済オンライン,一橋大経済学部→3浪で《東大理3合格》の現役東大生が“在学中にやりたい”医学部進学以外の目標とは,16,https://news.yahoo.co.jp/articles/258ad9650f4beee02caee5a33a8418d70f183f6f,8/3(日) 9:01
2025-08-03,12:41,business,経済,29,乗りものニュース,「左折は左に寄せて」って習いましたよね？ 軽い渋滞つくりがち「ふくらみ左折」…後続車にも一因アリ!?,15,https://news.yahoo.co.jp/articles/27540830a2a8aaff1933b6d233850b8ba55cc3ff,8/3(日) 9:42
2025-08-03,12:41,business,経済,30,ハフポスト日本版,新規入会者の3割が35歳以下。年会費5万円の「超高級カード」が若者に刺さる“4つの理由”。魅力的な特典とは？,15,https://news.yahoo.co.jp/articles/d76e9820ea7bbbc9d57c5d857c87b4f291df811f,8/3(日) 10:30
2025-08-03,12:41,business,経済,31,MotorFan,新型対艦ミサイル「12式地対艦誘導弾能力向上型」は熊本配備か？ これまでの5倍以上の長射程で南西諸島も防衛可能に,15,https://news.yahoo.co.jp/articles/04b6cea492061aa088d59607779880333b5c0a12,8/3(日) 7:10
2025-08-03,12:41,business,経済,32,NEWSポストセブン,「寝耳に水で、どうしていくか…」岐阜の名湯・池田温泉「高級旅館」運営会社が“夜逃げ”、運営を委託する町の職員が困惑「電話かけても留守電で、これはもうダメだなと」,15,https://news.yahoo.co.jp/articles/b4da12471725cf7e516dca73dd9b70a5e589b9b1,8/3(日) 5:59
2025-08-03,12:41,business,経済,33,Merkmal,「鉄道オタク＝社会不適合者」は時代遅れ？ “少子化ショック”の大学を救う、尖った知性の経済価値とは,14,https://news.yahoo.co.jp/articles/24e7cf9ade14e98e0555b6f1713594e4d3779e2f,8/3(日) 11:51
2025-08-03,12:41,business,経済,34,ファイナンシャルフィールド,70代の父は“免許返納”を検討中。車を手放せば年間「数十万円」浮く一方で、移動費はどれくらい増えるのでしょうか？,14,https://news.yahoo.co.jp/articles/d4f83b8e0e4664589f64be0a22d995117e25b2a4,8/3(日) 9:30
2025-08-03,12:41,business,経済,35,テレビ朝日系（ANN）,コメ値上がり10週ぶり　備蓄米効果薄れ　今後の価格の見通しは？,14,https://news.yahoo.co.jp/articles/a04bca80e7144b79a4e18b6fdaad0d0ce3c6c43e,8/3(日) 9:11
2025-08-03,12:41,business,経済,36,MotorFan,国産スポーツカーの栄枯盛衰！ 国産車の黄金時代から衰退までを振り返る,14,https://news.yahoo.co.jp/articles/5280b734a92778ea8e834315490d7f0054889699,8/3(日) 9:00
2025-08-03,12:41,business,経済,37,デイリー新潮,かつては「女人禁制の3K職場」も…注目される「女性漁師」の活躍　深刻さ増す“人手不足”と“高齢化”の救世主となるか,14,https://news.yahoo.co.jp/articles/188864035831f681875a0c24217824bbf64a4d24,8/3(日) 8:10
2025-08-03,12:41,business,経済,38,MotorFan,国内最長の渋滞は154km！ 世界最長の渋滞距離はなんと〇〇km！？,13,https://news.yahoo.co.jp/articles/4f88d018b8b8eda7bec5e22d227145ecc1c8ae94,8/3(日) 11:00
2025-08-03,12:41,business,経済,39,ファイナンシャルフィールド,「孫が県外の大学に行くなら“300万円”支援するよ」と母が言ってくれました。こうした支援にも贈与税はかかるのでしょうか？,13,https://news.yahoo.co.jp/articles/c45897878c1597d4246120776050fa3363d3ca5c,8/3(日) 11:20
2025-08-03,12:41,business,経済,40,THE GOLD ONLINE（ゴールドオンライン）,築年数が経っても家賃は上がる…タワマンに起きている「逆転現象」の理由,13,https://news.yahoo.co.jp/articles/0108ca4cd2029baeb5a2df0aeb0f51ee7b232c75,8/3(日) 10:01
