scrp_date,scrp_time,genre_en,genre_jp,rank,media_jp,title,comment,link,date_original
2025-07-20,07:07,business,経済,1,産経新聞,赤沢氏、来週早々に訪米の意向　8回目の関税閣僚協議へ　今回もアポなし？日程明言せず,149,https://news.yahoo.co.jp/articles/ecbf5f1ede075d795b23cc51f079c388e45728bd,7/19(土) 19:07
2025-07-20,07:07,business,経済,2,時事通信,外国人と「共存なくして存続できず」　「日本人ファースト」を憂慮　新浪同友会幹事,67,https://news.yahoo.co.jp/articles/61362d1f61e2ed42188e048814538817faeac921,7/19(土) 20:33
2025-07-20,07:07,business,経済,3,東洋経済オンライン,「日本の漁業では小さな魚を獲らない」はウソ…？　世界の中で日本の水産業だけ「一人負け」となった“本当の理由”,41,https://news.yahoo.co.jp/articles/634d59809554add6e449cfe78aa657cd664655d9,7/20(日) 5:02
2025-07-20,07:07,business,経済,4,マネーポストWEB,「お酒を飲まない人お断り」「子ども連れNG」…飲食店の独自ルールははっきり明示してほしい　「ソースのないトンカツ」にがっかりした思い出,37,https://news.yahoo.co.jp/articles/28c90e802dfbc2c8cd1a3ec25701a48a3d0da8b3,7/19(土) 16:15
2025-07-20,07:07,business,経済,5,FNNプライムオンライン（フジテレビ系）,期日前投票が過去最多 18日までに2145万220人　3連休中日が影響か【参院選2025】,32,https://news.yahoo.co.jp/articles/35bc136c992d15e75785e44b5ce9f95edf80c8d1,7/20(日) 6:17
2025-07-20,07:07,business,経済,6,マネーポストWEB,パチンコ「ラッキートリガー3.0プラス」搭載機種がホールデビューで業界全体に高まる期待　“RUSH＝LT”機種なら1回の大当たり時に大きな出玉、ゲーム性の広がりも実現可能に,27,https://news.yahoo.co.jp/articles/da395f8e2674259adb7ef148dc2eef57ea1df20e,7/19(土) 16:16
2025-07-20,07:07,business,経済,7,東京商工リサーチ,リフォーム・塗装工事の倒産急増 ～点検商法などのトラブル多発～,26,https://news.yahoo.co.jp/articles/2e7f51e01516c38b0d94ec1b5a382449e19ac99f,7/19(土) 7:02
2025-07-20,07:07,business,経済,8,TBS NEWS DIG Powered by JNN,日産が追浜工場の生産終了へ、再起の条件とは【播摩卓士の経済コラム】,26,https://news.yahoo.co.jp/articles/dc52b4f25299c0fc49c7dca5b1d615a540bbe6ff,7/19(土) 14:02
2025-07-20,07:07,business,経済,9,THE GOLD ONLINE（ゴールドオンライン）,「国民の金を使って農業をするのか」…東大卒、25歳で〈年収15万円〉。儲からない米農家が山形県の補助金（年75万円）を利用して受けた批判,25,https://news.yahoo.co.jp/articles/46ef4721183915b5577ee6727f8a1e6b4bc74559,7/20(日) 5:02
2025-07-20,07:07,business,経済,10,マネーポストWEB,石破政権「地方創生2.0」交付金のムダ遣い　電車が2時間に1本の駅前に10億円のハコモノ建設も…内容を精査せずにバラ撒く政府の姿勢を問題視,22,https://news.yahoo.co.jp/articles/de516e546f3324a3aa74f01282c3ef53094f1dd6,7/19(土) 7:15
2025-07-20,07:07,business,経済,11,プレジデントオンライン,皇族が降機したあとの座席はすごかった…国際線のベテランCAが「背筋が伸びる思いがした」と語る経験,19,https://news.yahoo.co.jp/articles/f6afc370f03756e0b6f9e1b208bb62fe6c97e409,7/19(土) 16:17
2025-07-20,07:07,business,経済,12,ITmedia ビジネスオンライン,6月に実施したローソン「盛りすぎチャレンジ」はどうだった？　過去最多の商品数がもたらした効果,18,https://news.yahoo.co.jp/articles/a5d252db1df21c404298e610258709cb52bc4cb6,7/20(日) 5:55
2025-07-20,07:07,business,経済,13,ダイヤモンド・オンライン,同じ仕事量なのに…定時で終わる人といつも残業の人「差がつく根本的な理由」,15,https://news.yahoo.co.jp/articles/e90d503b11cc8cdbd0e5732026198c0b621cdc65,7/20(日) 6:21
2025-07-20,07:07,business,経済,14,みんかぶマガジン,山本太郎のお辞儀パフォーマンスに「反吐が出る」とひどい批判、農家訪問の報告投稿が物議…経済誌元編集長「農水大臣よりマシ」高まる減税への期待,13,https://news.yahoo.co.jp/articles/1c0447efd6ff53f2ec72f138ac225a4722b3b394,7/19(土) 9:10
2025-07-20,07:07,business,経済,15,テレビ朝日系（ANN）,大型テレビ売れ行き好調　賃上げ効果か,12,https://news.yahoo.co.jp/articles/df42e212f8e79e101f410411070421c84421dcef,7/19(土) 9:17
2025-07-20,07:07,business,経済,16,東洋経済オンライン,ステーキガスト食べ放題で「元は取れる」のか…？ 2900円のコースに挑戦してみた結果,12,https://news.yahoo.co.jp/articles/128c4a0c42b77afdca4e90865630f0c26e566435,7/19(土) 11:02
2025-07-20,07:07,business,経済,17,毎日新聞,希少なウナギ味の「ギョニソ」登場　物価高で“昭和のおやつ”再注目,11,https://news.yahoo.co.jp/articles/03d301db85a96c189c1339fd9e98a16392d38a85,7/19(土) 11:00
2025-07-20,07:07,business,経済,18,MotorFan,日産「セドリック」に国産車初の4ドアハードトップを132.5万円～3代目（230型）に追加【今日は何の日？7月20日】,10,https://news.yahoo.co.jp/articles/fe443e464ffbe1fc1111d9c4b71c11f9b829680f,7/20(日) 5:00
2025-07-20,07:07,business,経済,19,ITmedia ビジネスオンライン,ワークマンが“家業モデル”に別れ、なぜ？,10,https://news.yahoo.co.jp/articles/7d4ee88ee5d28b857745009bf3de3fe5f493db98,7/19(土) 9:10
2025-07-20,07:07,business,経済,20,ダイヤモンド・オンライン,頼むから話しかけないで…「5分だけいい？」から30分も話す迷惑上司、ちゃんと時間を守らせる“感じのいい一言”とは？,9,https://news.yahoo.co.jp/articles/495cdbcfc52bf4c01c46b4e4a75d72a37b93bc45,7/20(日) 6:11
2025-07-20,07:07,business,経済,21,東洋経済オンライン,“たった80年前”に日本が起こした「戦争の過去」　子どもたちにきちんと伝えられていますか？,9,https://news.yahoo.co.jp/articles/ae72d443ca5b49a8d9ef9e399d98232e256cf2c3,7/19(土) 13:02
2025-07-20,07:07,business,経済,22,ITmedia ビジネスオンライン,なぜ教員の仕事は「ブラック化」してしまうのか,9,https://news.yahoo.co.jp/articles/bf265d8fa58d0d17bd2191aa53f2d0aba9939092,7/19(土) 8:10
2025-07-20,07:07,business,経済,23,プレジデントオンライン,なぜ頑張って稼ぐ高所得者は「基礎控除」まで抹消されるのか…専門家が指摘する「憲法の精神に反する可能性」,9,https://news.yahoo.co.jp/articles/4fbd9b0496fbbd1a840a71f82aca9eeb77fb2f37,7/19(土) 7:17
2025-07-20,07:07,business,経済,24,ダイヤモンド・オンライン,スマホ依存に悩んだ元グーグル社員が考案した「意外すぎる解決策」とは？,8,https://news.yahoo.co.jp/articles/980da1d7db047e4b52b25a4cfca229398d17b2d8,7/20(日) 6:02
2025-07-20,07:07,business,経済,25,LIMO,【70歳代】二人以上世帯「貯蓄の平均・中央値」「1ヵ月の平均的な生活費」はどれくらい？【年金制度改正の全体像】改正内容について「5つのポイント」を解説,8,https://news.yahoo.co.jp/articles/23042d351dd6b7b8a316486fc129225b18b386b9,7/20(日) 5:17
2025-07-20,07:07,business,経済,26,くるまのニュース,国民を苦しめるガソリン高！ 「もう我慢の限界!?」 ガソリン1Lに53.8円の税金!?  「暫定税率の廃止」約束は守られるのか？ 【参院選直前】,8,https://news.yahoo.co.jp/articles/7cb89fb2ce5c28820526c18b746e31496c2c0493,7/19(土) 7:30
2025-07-20,07:07,business,経済,27,ベストカーWeb,【バス運転士不足問題】前の信号が赤の時に大型車がトロトロ惰性走行するのには理由があるんですよ!!,8,https://news.yahoo.co.jp/articles/6a0a150228dfaf65d8c363fe54e4f4dd40420f3b,7/19(土) 11:00
2025-07-20,07:07,business,経済,28,乗りものニュース,空自機が中国軍の「怪しいプロペラ機」を撮影！  鮮明な画像を防衛省が公開 沖縄を通り越して太平洋まで飛行,7,https://news.yahoo.co.jp/articles/02d9722419bba3eb2f7e4499c4e0cf381f3463b4,7/20(日) 6:12
2025-07-20,07:07,business,経済,29,日テレNEWS NNN,参院選で外国人政策が争点となる中　経済同友会が外国人労働者めぐり議論…経営者の思いは？,7,https://news.yahoo.co.jp/articles/394cbf637b72ec43c39aa1da181f33b410920482,7/19(土) 21:04
2025-07-20,07:07,business,経済,30,鉄道コム,こんなに距離がある!?　とにかく広い北海道、特急列車の走行距離を本州に当てはめると？,7,https://news.yahoo.co.jp/articles/373103fad5c4be7f6fdac647ff79df63ee588396,7/19(土) 10:35
2025-07-20,07:07,business,経済,31,ベストカーWeb,日産は今こそバサラでしょ!! 低めの全高でヒンジドアなのに3列シート! メッキグリルでファンを魅了!?,7,https://news.yahoo.co.jp/articles/dfd5f81b1ac7fdd53dcafd3b7c1e85d76b6bd011,7/19(土) 19:00
2025-07-20,07:07,business,経済,32,LIMO,【老後2000万円】《年収・固定費・資産形成》「貯められる世帯」と「貯められない世帯」3つの違いとは？,6,https://news.yahoo.co.jp/articles/ee5b8d1746895e0ebe6c5951e8804bd452fc6957,7/20(日) 6:17
2025-07-20,07:07,business,経済,33,Merkmal,ネットで話題 川口駅に「上野東京ライン」は本当に必要か？,6,https://news.yahoo.co.jp/articles/801c681d0518d5a7144f0cd8d07c8ed069e94656,7/20(日) 5:51
2025-07-20,07:07,business,経済,34,ファイナンシャルフィールド,【給付金】政府・与党の「全国民一律2万円給付案」知らないと“損”する可能性も？「4人家族」のわが家はいくら？条件と注意点とは,6,https://news.yahoo.co.jp/articles/a83e4e9d98685b2a06fd538558ce8126cd67253b,7/19(土) 11:30
2025-07-20,07:07,business,経済,35,共同通信,新浪氏「外国人と共生を」　経済同友会の夏セミナー,6,https://news.yahoo.co.jp/articles/b3cae2a5e7ed918c31e8942550ca03e031ff6d25,7/19(土) 18:12
2025-07-20,07:07,business,経済,36,ベストカーWeb,日産エクストレイルが絶品級だよ!! VCターボ搭載で他にない高出力化に成功! 登場当時から走りもハンドリングも一級品!!,6,https://news.yahoo.co.jp/articles/139aa40d429af7eda7f160446551b7ac16097086,7/19(土) 21:00
2025-07-20,07:07,business,経済,37,読売新聞オンライン,トランプ関税は「懲罰でない」「親密な同盟国でさえ互恵的な枠組みがない」…国務省副報道官,6,https://news.yahoo.co.jp/articles/4558de64f3f28032ca01c1f38bd8b6f576e94bdc,7/19(土) 15:57
2025-07-20,07:07,business,経済,38,マネーポストWEB,京大院生の「TOEIC替え玉受験」逮捕で中国不正業者に新たな動き、今度は“TOEFL訪日カンニングツアービジネス”に移行か　中国SNSに点数保証を謳う広告急増,6,https://news.yahoo.co.jp/articles/3007e15999a6d3d5fc135fb13608b2e83e9cc77b,7/19(土) 15:15
2025-07-20,07:07,business,経済,39,WEB CARTOP,どっちもオービス逃れの装備だけど何が違う？　ナンバープレートカバーがダメでレーダー探知機が堂々と売られているワケ,6,https://news.yahoo.co.jp/articles/79ddbbc0ff4a2ed5679fa215b2b6847d1ee4d364,7/19(土) 20:10
2025-07-20,07:07,business,経済,40,ダイヤモンド・オンライン,自分より格下の相手に負けたとき、二流は「嫉妬する」。一流は「負けを認める」。では超一流は？,5,https://news.yahoo.co.jp/articles/cf16d64c10c6fb46010501464964bc0502ffed3d,7/20(日) 6:11
