scrp_date,scrp_time,genre_en,genre_jp,rank,media_jp,title,comment,link,date_original
2024-05-29,01:24,domestic,国内,1,中国新聞デジタル,「はい、これ」　中身100万円　甘利氏、車中で茶封筒手渡す　選挙の「裏金」,208,https://news.yahoo.co.jp/articles/5b58667b30ebdaa1ed88a0a3c3ea2db40b711611,5/28(火) 11:02
2024-05-29,01:24,domestic,国内,2,FNNプライムオンライン（フジテレビ系）,蓮舫氏の発言「都民バカにしすぎ」小池都知事に相次ぐ出馬要請　自民党に推薦求める?「自民党のイメージ最悪」の声も,180,https://news.yahoo.co.jp/articles/0cc48ff3dd216d250a7f5f929c674df73fa452aa,5/28(火) 18:43
2024-05-29,01:24,domestic,国内,3,毎日新聞,自民・稲田朋美氏、党支部への寄付で税優遇か　「事務所使用料」還流,173,https://news.yahoo.co.jp/articles/d7d780456d778b1798484a0ece358939843b7c6c,5/28(火) 5:00
2024-05-29,01:24,domestic,国内,4,中日スポーツ,蓮舫参院議員「都民をバカにしたこと一度もない」都民ファ森村代表の発言に反論,172,https://news.yahoo.co.jp/articles/2381ae74faf9d2f60ee1566e926bc89ea749d58c,5/28(火) 21:50
2024-05-29,01:24,domestic,国内,5,Yahoo!ニュース オリジナル 特集,経血漏れで試合敗退の事例も――現場から変える、女子柔道界の月経問題 #性のギモン,171,https://news.yahoo.co.jp/articles/68d086a02de7e2164cf85af12dde78d694af2c55,5/28(火) 17:00
2024-05-29,01:24,domestic,国内,6,SmartFLASH,「恥ずかしくないのか」裏金受けていた自民・稲田朋美氏に「税控除」発覚で猛批判、12年前の発言が“ブーメラン”に,133,https://news.yahoo.co.jp/articles/7205d686be5e6f7c86af6e736b2e79c8563fd7fe,5/28(火) 16:53
2024-05-29,01:24,domestic,国内,7,テレビ朝日系（ANN）,立憲・小沢氏「信じられない」　政治資金パーティーめぐる党幹部の対応を痛烈に批判,120,https://news.yahoo.co.jp/articles/e075bc7b19aec7d10fc71421043c138336610947,5/28(火) 15:52
2024-05-29,01:24,domestic,国内,8,毎日新聞,規正法改正案、与野党協議が開始　公明は自民案容認へ　野党とは溝,112,https://news.yahoo.co.jp/articles/7202f2aa4025f03c07e9c02bfd5670e9c52e2340,5/28(火) 18:21
2024-05-29,01:24,domestic,国内,9,毎日新聞,自民・稲田氏、税優遇認める　裏金原資は否定　支部に202万円寄付,97,https://news.yahoo.co.jp/articles/56e7c808d2c71adc91836475467797c86f1a6516,5/28(火) 12:43
2024-05-29,01:24,domestic,国内,10,共同通信,国家公務員キャリアの倍率最低　24年度春試験7倍、民間と競合,94,https://news.yahoo.co.jp/articles/06b927c3dbd5679af02486579cac80cf9136b82e,5/28(火) 17:29
2024-05-29,01:24,domestic,国内,11,SmartFLASH,蓮舫議員、田﨑史郎氏と “場外乱闘”…「最近では何も聞かず語っている」取材してない発言に怒り心頭「だったら電話出ろ」,89,https://news.yahoo.co.jp/articles/29c0c901e5f6c5e5c464dd95c1a2d7c2be823136,5/28(火) 16:38
2024-05-29,01:24,domestic,国内,12,毎日新聞,東京都内52首長が小池都知事に出馬要請　加わらなかったのは？,89,https://news.yahoo.co.jp/articles/521e457f185af3ebb2fa14541b70152cb5702d5a,5/28(火) 15:56
2024-05-29,01:24,domestic,国内,13,女性自身,佳子さま　ギリシャ訪問でご着用されたブルーニットの「驚きの価格」,88,https://news.yahoo.co.jp/articles/f903315cce54850f25c2594985ef7d5af064442d,5/28(火) 6:00
2024-05-29,01:24,domestic,国内,14,テレビ朝日系（ANN）,維新幹部が「反自民・非小池でいいのか」と疑問符　蓮舫氏の都知事選出馬に,86,https://news.yahoo.co.jp/articles/cfd3ed1e0456223306da191ec47108b0d537f5c5,5/28(火) 14:57
2024-05-29,01:24,domestic,国内,15,時事通信,立民、首都決戦へ攻勢　「裏金」背景、与党危機感　都知事選,85,https://news.yahoo.co.jp/articles/7a7910284dd79c4da093baffa70671d308f615ce,5/28(火) 7:04
2024-05-29,01:24,domestic,国内,16,朝日新聞デジタル,事実婚を示す「夫（未届）」住民票、同性カップル「夢の世界のよう」,84,https://news.yahoo.co.jp/articles/5850a07519af422d44524460e3f7dc4d3bdf33d1,5/28(火) 14:11
2024-05-29,01:24,domestic,国内,17,AERA dot.,不人気・岸田首相が狙う？「オールスター内閣改造」 小泉氏、高市氏、よもやの木原氏入閣も…,83,https://news.yahoo.co.jp/articles/c9e0c262464c472ad2d8943fba64307be7fc2641,5/28(火) 18:32
2024-05-29,01:24,domestic,国内,18,朝日新聞デジタル,青カビ由来、プベルル酸のほか2物質を確認　紅麴サプリ問題で厚労相,78,https://news.yahoo.co.jp/articles/6d1b3721b6aa86850b8dfccb693675b7c9d3eadb,5/28(火) 17:47
2024-05-29,01:24,domestic,国内,19,FNNプライムオンライン（フジテレビ系）,“アベノミクス批判”に菅前首相が反論　「民主党政権時に8000円台だった株価が今は4万円だ」,77,https://news.yahoo.co.jp/articles/8d154f7b97151a476beb98d7317e49b2d45da8de,5/28(火) 3:57
2024-05-29,01:24,domestic,国内,20,J-CASTニュース,「LUMIX」製品サイトの画像、ストックフォト使用に批判　パナソニックは謝罪「誤解を与える画像使用だった」,75,https://news.yahoo.co.jp/articles/b1ceaff274c301e9bcde27099c6e391b768bb95e,5/28(火) 19:07
2024-05-29,01:24,domestic,国内,21,現代ビジネス,なぜ蓮舫氏はここへきて「都知事候補」となったのか？ そのウラで起きている「意外な事態」,73,https://news.yahoo.co.jp/articles/da69fb855257b0d31b1b38e8b05f657dcf6d77fd,5/28(火) 7:03
2024-05-29,01:24,domestic,国内,22,共同通信,親友が多い65歳以上は7.8％　前回調査から大幅減、24年白書,69,https://news.yahoo.co.jp/articles/f15aff453cf03ab1803ca88fb3f7bab6f7869243,5/28(火) 19:47
2024-05-29,01:24,domestic,国内,23,現代ビジネス,佳子様がギリシャで着た「柄物のブラウスとスカート」、その「驚きの値段」と「眞子さんとのつながり」,69,https://news.yahoo.co.jp/articles/130eb1a5680c6af8ee9b93880be2231b5380e8dc,5/28(火) 17:18
2024-05-29,01:24,domestic,国内,24,産経新聞,公明が自民修正案に賛成へ　規制法改正、今国会成立の公算　政党交付金減額案も,58,https://news.yahoo.co.jp/articles/e204c33a8b014a183b97b5ac098732e90f788699,5/28(火) 20:53
2024-05-29,01:24,domestic,国内,25,FNNプライムオンライン（フジテレビ系）,“高齢者の定義”65歳から70歳に引き上げとの提案で武見厚労相「年金支給開始年齢の引き上げ考えていない」,56,https://news.yahoo.co.jp/articles/01ce82f167f3d7ec5d017e9d29c8457069884410,5/28(火) 12:22
2024-05-29,01:24,domestic,国内,26,スポニチアネックス,蓮舫参院議員、都知事選に電撃参戦!!　小池氏じゃダメなんです「小池都政をリセットする」,56,https://news.yahoo.co.jp/articles/a6d4e95be75df808c3504f5bca270d254a8d812f,5/28(火) 4:40
2024-05-29,01:24,domestic,国内,27,産経新聞,東京・望月衣塑子記者が改憲主張の与那国町長を非難　林官房長官会見で,54,https://news.yahoo.co.jp/articles/5eb7622293f584fa4b9be7810a9daf43272b3474,5/28(火) 17:24
2024-05-29,01:24,domestic,国内,28,朝日新聞デジタル,ハワイの不動産を売りたいのに　円安で苦しむ日本人が激増,53,https://news.yahoo.co.jp/articles/e8bd95736378d49ad3f1adebbff24377fdfd9d11,5/28(火) 6:00
2024-05-29,01:24,domestic,国内,29,FNNプライムオンライン（フジテレビ系）,和久井学容疑者が事件直前に被害女性のライブ配信視聴「自分のことを批判しているのを見た」新宿タワマン殺人,53,https://news.yahoo.co.jp/articles/1670add8975d41c54e5fde414d4a90378c727a26,5/28(火) 11:58
2024-05-29,01:24,domestic,国内,30,中日スポーツ,田母神俊雄氏、都知事選立候補表明にネット反応　大物続々出馬意向「分散しまくりで票が読めん」「選挙はスマブラじゃないんだぞ」,51,https://news.yahoo.co.jp/articles/397764f307c24dbdcdb6a61cd3c131bc42656cb5,5/28(火) 11:57
2024-05-29,01:24,domestic,国内,31,時事通信,田母神元空幕長が出馬へ　東京都知事選,51,https://news.yahoo.co.jp/articles/fed5e6c9cb64980d437ecc0c70dacb7428740507,5/28(火) 10:25
2024-05-29,01:24,domestic,国内,32,文春オンライン,〈多摩川スーツケース遺体〉父母・兄・新彼氏が逮捕　父のDV、運動会でヤンキー座り、「ベランダからレンガを…」西髙舞容疑者（32）のすさまじい家庭環境,48,https://news.yahoo.co.jp/articles/c4d5fdc2cfed281adf08b34e816a02a50f346d78,5/28(火) 20:36
2024-05-29,01:24,domestic,国内,33,共同通信,規正法の修正協議、結論出ず　野党、企業献金の禁止要求,47,https://news.yahoo.co.jp/articles/543e5f23f636c097696ab01a8303ef77abf94c2a,5/28(火) 16:16
2024-05-29,01:24,domestic,国内,34,テレビ朝日系（ANN）,白昼堂々…郵便配達員が“ノーヘル”法令違反　声かけられ撮影される,47,https://news.yahoo.co.jp/articles/5e370f49f1c1953f343246787fe72ea4ef0c5c38,5/28(火) 17:46
2024-05-29,01:24,domestic,国内,35,ウェザーマップ,【動画】29日の天気 - 雨やんだ所も土砂災害に厳重警戒　東海は28日(火)夜にかけて線状降水帯発生おそれ続く（28日19時更新）,47,https://news.yahoo.co.jp/articles/a42852103bc7059f01e029611931ad23b59352c1,5/28(火) 19:07
2024-05-29,01:24,domestic,国内,36,日テレNEWS NNN,東急田園都市線の運転再開　渋谷駅で停車中の車両床下から煙,44,https://news.yahoo.co.jp/articles/bfd1b31f45b152156c4c01475fe67bb6019c2428,5/28(火) 21:16
2024-05-29,01:24,domestic,国内,37,日テレNEWS NNN,【あすの天気】大雨による土砂災害や河川氾濫に警戒　午前には天気回復しそう,43,https://news.yahoo.co.jp/articles/db1d3aac4437063f10236431adbbd639af998efb,5/28(火) 21:45
2024-05-29,01:24,domestic,国内,38,デイリースポーツ,田崎史郎氏、嘆く　蓮舫議員が「いつでも取材受ける」投稿で「計７回電話」も「誰も出ない」,40,https://news.yahoo.co.jp/articles/8d3628d083ee5898e2e2314161d1dbc480a5cf00,5/28(火) 13:45
2024-05-29,01:24,domestic,国内,39,デイリー新潮,名古屋「22歳頂き女子」にだまされたおじさん2人が特別対談「僕らがバカだった。若い女子がおじさんとの“餃子の王将デート”を喜ぶはずがない」,39,https://news.yahoo.co.jp/articles/4f17802c3643f17f4998b555a05d275775b76b28,5/28(火) 6:13
2024-05-29,01:24,domestic,国内,40,FNNプライムオンライン（フジテレビ系）,火事でもラーメン食べ続ける客が…「ラーメン二郎」で火事も「火と煙の中で普通に営業」アブラに引火か?,38,https://news.yahoo.co.jp/articles/29e9dfa845d3d2708c01074cb968dbf251ba2ab9,5/28(火) 19:32
