scrp_date,scrp_time,genre_en,genre_jp,rank,media_jp,title,comment,link,date_original
2025-04-03,00:07,life,ライフ,1,ねとらぼ,「閉園後のディズニーで迷惑行為」 小中学生から人気のYouTuberに批判の声殺到→謝罪するもさらなる物議 「それはありえない……」,302,https://news.yahoo.co.jp/articles/bb2ccd931adda19e8041da8a9c03a4e04e938e6a,4/2(水) 20:56
2025-04-03,00:07,life,ライフ,2,All About,フランスで「大谷翔平」がほぼ無名な理由。フランス人に知られる日本人、知られていない日本人,205,https://news.yahoo.co.jp/articles/7634cbb113e7f1629c23410a9f9cf20316aa5191,4/2(水) 21:25
2025-04-03,00:07,life,ライフ,3,オリコン,くら寿司、SNS上で拡散の迷惑行為めぐり声明　実行者からの謝罪連絡も「厳正な対応を行う予定」　皿の投入口に避妊具放置,87,https://news.yahoo.co.jp/articles/a25994b271ab80be6f222ae55127d03fd125006e,4/2(水) 18:05
2025-04-03,00:07,life,ライフ,4,FORZA STYLE,「あの子ん家でトイレ済ませてこいよ」育児補助金も自分に使うシングルマザー。8歳児が「半ネグレクト」状態となった「ある困窮世帯」の実態【専門家警告】,42,https://news.yahoo.co.jp/articles/06af3592e1df2f7be9bea9bd71a8690c0cd4acbd,4/2(水) 21:02
2025-04-03,00:07,life,ライフ,5,ENCOUNT,名物経営者のレクサス、新車購入から1年未満で盗難被害　怒りの懸賞金「このまま黙って見過ごすことはできない」,33,https://news.yahoo.co.jp/articles/ba244826eb0cd135a11bed619ea987adf1cdb9f2,4/2(水) 13:35
2025-04-03,00:07,life,ライフ,6,ENCOUNT,「駐車場での立ち小便は不衛生です!!」　マナー違反ドライバー、SAでの仰天行動　注意喚起がネットで話題,32,https://news.yahoo.co.jp/articles/ea21e0218e4ba7ad32a9ccd9f712371805e2b485,4/2(水) 9:10
2025-04-03,00:07,life,ライフ,7,ENCOUNT,「各停しか停まらない駅はやめとけ」　私鉄沿線の否定説にも賛否…東京の住居選び、“炎上覚悟”投稿のワケ,23,https://news.yahoo.co.jp/articles/ffddb67efc354c76c8841c76b84aa5e0f2f9cc89,4/2(水) 10:40
2025-04-03,00:07,life,ライフ,8,歴史人,朝ドラ『あんぱん』嘘をついて子を置き去りに… やなせたかし氏の母の嘘と３回目の結婚相手とは？,22,https://news.yahoo.co.jp/articles/dc5754dbc07541f53794e21b723dfbe34db8acfb,4/2(水) 16:00
2025-04-03,00:07,life,ライフ,9,ピンズバNEWS,350勝投手・米田哲也、缶酎ハイ万引き逮捕以外も「家賃滞納480万円、万引きは年明け3度目」の悲しき晩年,20,https://news.yahoo.co.jp/articles/e41d8859cce6726b407795e462f65c16d2cf5acb,4/2(水) 5:22
2025-04-03,00:07,life,ライフ,10,ダ・ヴィンチWeb,満田拓也 『MAJOR』は海堂高校戦を最終回のつもりで描いた。幼稚園編から茂野吾郎プロ復活の可能性まで連載20年を振り返る【『MAJOR 2nd』インタビュー】,20,https://news.yahoo.co.jp/articles/faff111e030b0c9818f71b0063c965e7e5bbe55c,4/2(水) 18:00
2025-04-03,00:07,life,ライフ,11,ほ・とせなNEWS,シングルファーザーが作る娘のための弁当　高校最後の日、娘からのプレゼントに「真心」「泣いちゃう」「お疲れ様」,20,https://news.yahoo.co.jp/articles/509afb99beac2919c5a6622335ac59e70fee1338,4/2(水) 18:48
2025-04-03,00:07,life,ライフ,12,ファイナンシャルフィールド,妻に指摘され、初めて自分が「食いつくし系」夫だと知りました。私が多く食べるせいか3人家族で食費が「月11万円」なのですが、これは平均ではないのでしょうか？,18,https://news.yahoo.co.jp/articles/611e2c9741c9f45c663cb3594b84b04cefb188ff,4/2(水) 11:10
2025-04-03,00:07,life,ライフ,13,ファイナンシャルフィールド,年収「2000万円」の知人の服は、いつもユニクロや無印。お金を持っている人は高級ブランドが「普通」ではないの？,18,https://news.yahoo.co.jp/articles/dc342f0f945943cddab0460bd2e8e6226411cf19,4/2(水) 13:50
2025-04-03,00:07,life,ライフ,14,ねとらぼ,「地元民しか読めない」と思う熊本県の市町村名はどこ？　3つのエリアを紹介！,18,https://news.yahoo.co.jp/articles/6348c869b6b94ac887169091610fba8fba6d0a13,4/2(水) 20:10
2025-04-03,00:07,life,ライフ,15,ねとらぼ,【40代女性が選ぶ】老後に飼いたいと思う「犬種」ランキング！　2位は「チワワ」、1位は？,17,https://news.yahoo.co.jp/articles/421afb1594ad2f13daa4552a239f55b9ebdc6485,4/2(水) 21:40
2025-04-03,00:07,life,ライフ,16,ねとらぼ,工藤静香、新作の“絵画を3作品”を披露　2024年「二科展」入選の腕前,17,https://news.yahoo.co.jp/articles/02ab8ffad16bf7aa247eb768adbcb436c00b788c,4/2(水) 18:58
2025-04-03,00:07,life,ライフ,17,with online,「実は、頭のいい子ほど…」小児科医が明かす、勉強や習い事よりもまず「最優先にすべきこと」,15,https://news.yahoo.co.jp/articles/627d47380fd6d13686c8e34029fa654c5440f600,4/2(水) 11:01
2025-04-03,00:07,life,ライフ,18,LASISA,《下方婚》旦那より年収が高い割合はどれくらい？“年収が高い女性は婚活が難しくなる”理由まで,14,https://news.yahoo.co.jp/articles/ecb4ef1e574f89da56576ceb507739f567734418,4/2(水) 17:10
2025-04-03,00:07,life,ライフ,19,All About,【全国ワースト級の大渋滞】楽しい沖縄旅行にするために！ 本島で「車移動」を避けるべき時間帯と場所,14,https://news.yahoo.co.jp/articles/b74e08171d84a26534ec995e1050a70b7d66364c,4/2(水) 21:50
2025-04-03,00:07,life,ライフ,20,＠ＤＩＭＥ,「リベンジ退職」とは？会社に認められないから辞めるという仕事観は浸透するか,12,https://news.yahoo.co.jp/articles/5ace3d16ed72e3d06db862aa05f47f16b5d1375e,4/2(水) 21:20
2025-04-03,00:07,life,ライフ,21,ねとらぼ,【男性に聞いた】「かっこいいと思う埼玉県のナンバープレート」ランキング！　第2位は「大宮」、1位は？,12,https://news.yahoo.co.jp/articles/f93ac63b238b6ad7d822d26ac067d16f12fb4fa6,4/2(水) 20:05
2025-04-03,00:07,life,ライフ,22,ねとらぼ,『ドラえもん』のび太を現実世界に描いたら……　450万再生された作品に「す、すごい！」「ワオしか言えないよ」【海外】,11,https://news.yahoo.co.jp/articles/c3369abf72833fd6e73ebe4cfc1ba0649ebf6632,4/2(水) 22:35
2025-04-03,00:07,life,ライフ,23,Hint-Pot,「なんだ、このミニバスは!?」　自動車大国のドイツ人パパ　日本で人気の車種に興味津々になったワケ,11,https://news.yahoo.co.jp/articles/14c7c56dc9b94a32d08e694854a56950581e61a1,4/2(水) 12:05
2025-04-03,00:07,life,ライフ,24,MEN’S CLUB,まさに走る芸術。フェラーリ「F80」がついに日本初上陸,11,https://news.yahoo.co.jp/articles/ec2bf60180f9f33d3d0262fe65d9a1367f195f5c,4/2(水) 21:47
2025-04-03,00:07,life,ライフ,25,Hint-Pot,「フランスだと目を離せません」　日本で孫が暮らすフランス人　治安の良さに驚愕した光景とは,10,https://news.yahoo.co.jp/articles/22d02bfbcd044366204156848650e48e1fe0c294,4/2(水) 6:10
2025-04-03,00:07,life,ライフ,26,LASISA,お母さんも有名人だった「芸能人」ランキングTOP5！3位：相武紗季、2位：池田エライザ、1位は人気女優！「衝撃だった」「納得」母親は現役歌手！,9,https://news.yahoo.co.jp/articles/5e52850bd3441231d1325df40ae3f27ea1e9e8af,4/2(水) 20:40
2025-04-03,00:07,life,ライフ,27,THE GOLD ONLINE（ゴールドオンライン）,どこで道を間違えた…28歳で“三高男”と結婚→6年後に離婚。実家住まいで派遣を転々とする年収330万円・50歳女性の悲鳴「何が悪かったのか」【ルポ】,9,https://news.yahoo.co.jp/articles/a6a856e9eaf68bb248aacf16d1cbf27c879995b6,4/2(水) 11:02
2025-04-03,00:07,life,ライフ,28,ねとらぼ,「レギュラーガソリンが安い都道府県」ランキング！　2位は「青森県（174.6円）」、1位は？【2025年3月31日時点】,9,https://news.yahoo.co.jp/articles/421b39676de276685fe080618f32a59625703741,4/2(水) 7:30
2025-04-03,00:07,life,ライフ,29,ねとらぼ,辻希美の長女・希空、ViVi撮影の裏側公開　息をのむほど“辻ちゃんにそっくりな表情”にSNSざわつく「むちゃくちゃ辻ちゃんでびっくりした」,9,https://news.yahoo.co.jp/articles/0bb93a539d871482443b545f438a0e6d92261e8f,4/2(水) 19:58
2025-04-03,00:07,life,ライフ,30,ENCOUNT,「私にとって最後のバイク」　還暦過ぎ夫婦がツーリングを楽しもうとしていた矢先の盗難…にじむ怒り,9,https://news.yahoo.co.jp/articles/d817c910c00e71d8bb17eb2e163684b1f6a9fb54,4/2(水) 7:30
2025-04-03,00:07,life,ライフ,31,ねとらぼ,←男性が思う女性の「すっぴん」　　こちらが本物の「すっぴん」です→　メイク前後の変化が4600万再生【海外】,9,https://news.yahoo.co.jp/articles/2913d6ef4010797a3f3fb7b85c13625285c55904,4/2(水) 19:33
2025-04-03,00:07,life,ライフ,32,kufura,ガソリン代、駐車料金、運転代…知り合いの車に乗せてもらうときの費用負担、みんなはどうしてる？,9,https://news.yahoo.co.jp/articles/0ad4d0b4a40361fdea809918de657ee2b75a637c,4/2(水) 22:10
2025-04-03,00:07,life,ライフ,33,OTONA SALONE,53歳から始まった謎の不調。夫からは「ヒステリー」「なんでも更年期のせいにするな」と言われて。私は会社を退職するほど体調が悪いのに,8,https://news.yahoo.co.jp/articles/9ee35712cf75ae8e4b6e1769df280058eda30f6e,4/2(水) 20:40
2025-04-03,00:07,life,ライフ,34,ほ・とせなNEWS,「こんな国があるなんて…」来日したイギリス人男性が驚愕。その内容に「なかなかない」「レベルがまったく違う」,8,https://news.yahoo.co.jp/articles/21554db32e34df58b281285d549f3ebd9b5fd745,4/2(水) 14:10
2025-04-03,00:07,life,ライフ,35,Hint-Pot,「フランスでは、すごく人気なんだよ！」　フランス人が日本で見学を熱望する意外な場所とは,8,https://news.yahoo.co.jp/articles/6517d83cfcf8259a3c6b76a7e869155c2696d638,4/2(水) 19:11
2025-04-03,00:07,life,ライフ,36,LIMO,【スペイン語には訳せない言葉とは？】「お世話になります」や「お疲れ様」も！？　意外な日本語にSNSでは驚きの声,8,https://news.yahoo.co.jp/articles/1f22ddfce7434336bd2fec020393208b42e9fa02,4/2(水) 20:27
2025-04-03,00:07,life,ライフ,37,KURU KURA（くるくら）,ホンダ「フリード」のガソリン車が一部改良！ 塗装の耐久性アップで約11万円の値上げへ【新車ニュース】,7,https://news.yahoo.co.jp/articles/b288cff474c4265d9e921babc85245250caca337,4/2(水) 15:06
2025-04-03,00:07,life,ライフ,38,女性セブンプラス,《コメ高騰を生き抜く》代替主食の選び方を専門家が解説　安さなら「うどん」、栄養なら「パスタ」、長続きさせるコツは「代替ときどき米」,7,https://news.yahoo.co.jp/articles/86d910e12dfbb449e3e187f8d3312d3d6f239fb0,4/2(水) 7:00
2025-04-03,00:07,life,ライフ,39,Hint-Pot,「病気かな？」オーストラリア人カップルが驚いた日本の光景　まねしたくともできない事情とは,7,https://news.yahoo.co.jp/articles/f8a2c0aaf22bb3f7f446af3e9d45cf71900a617f,4/2(水) 14:09
2025-04-03,00:07,life,ライフ,40,OTONA SALONE,【森永卓郎の「遺言」】「新NISA」で、あなたの老後資金を溶かすな！今「老後のために投資すべきもの」とは？,7,https://news.yahoo.co.jp/articles/9a08edcbf2ee4b332f085f442ce358e931ea5a9d,4/2(水) 20:50
