scrp_date,scrp_time,genre_en,genre_jp,rank,media_jp,title,comment,link,date_original
2026-08-29,03:31,business,経済,1,TBS NEWS DIG Powered by JNN,N/A,144,https://news.yahoo.co.jp/articles/c6752bbb1db3ff7f8fdb1204200d427fa8dc6ada,8/28(金) 19:06
2026-08-29,03:31,business,経済,2,ロイター,N/A,100,https://news.yahoo.co.jp/articles/e6c9b767a3a5d165746499d5f2bd014e1f088ad1,8/28(金) 23:26
2026-08-29,03:31,business,経済,3,読売新聞オンライン,N/A,55,https://news.yahoo.co.jp/articles/0220dcbcba7ad9cb4370eb4ac414b3a79e7a87c4,8/28(金) 13:01
2026-08-29,03:31,business,経済,4,ロイター,N/A,54,https://news.yahoo.co.jp/articles/192f4b3f5d71aabe728cbb75cdf0a94920395654,8/28(金) 11:53
2026-08-29,03:31,business,経済,5,朝日新聞,N/A,45,https://news.yahoo.co.jp/articles/0ffacd517ae681241b24800ce28a364bb201c557,8/28(金) 17:00
2026-08-29,03:31,business,経済,6,集英社オンライン,N/A,33,https://news.yahoo.co.jp/articles/7df18324981365977df3bdf2c280a01479f39311,8/28(金) 11:00
2026-08-29,03:31,business,経済,7,TBS NEWS DIG Powered by JNN,N/A,29,https://news.yahoo.co.jp/articles/40b8d1e80f4c5e95ee815bd7b0c0e295fde0d301,8/28(金) 17:09
2026-08-29,03:31,business,経済,8,関西テレビ,N/A,28,https://news.yahoo.co.jp/articles/c0f8d3c7a409ef82ddb1bcbe3f5ed2c2fc20719b,8/28(金) 18:11
2026-08-29,03:31,business,経済,9,TBS NEWS DIG Powered by JNN,N/A,28,https://news.yahoo.co.jp/articles/c8a31d9acab095ae13742534cafdc693072359c9,8/28(金) 17:15
2026-08-29,03:31,business,経済,10,TBS NEWS DIG Powered by JNN,N/A,27,https://news.yahoo.co.jp/articles/d25a1a03eff259159656332c53d31456858ca815,8/28(金) 13:53
2026-08-29,03:31,business,経済,11,ファイナンシャルフィールド,N/A,27,https://news.yahoo.co.jp/articles/6db18613918751a162563ac599737a497109f109,8/28(金) 19:50
2026-08-29,03:31,business,経済,12,ファイナンシャルフィールド,N/A,25,https://news.yahoo.co.jp/articles/c9bb02a3654692eb40e60ad3cd584da3576d80db,8/28(金) 13:40
2026-08-29,03:31,business,経済,13,時事通信,N/A,20,https://news.yahoo.co.jp/articles/578bb0df179bc09d9c0b65f8c7a0ccbe78a9b4dc,8/28(金) 6:00
2026-08-29,03:31,business,経済,14,TBS NEWS DIG Powered by JNN,N/A,20,https://news.yahoo.co.jp/articles/ab253b0af11201cb5a17dca210d5ad3d7d768449,8/28(金) 17:41
2026-08-29,03:31,business,経済,15,THE GOLD ONLINE（ゴールドオンライン）,N/A,14,https://news.yahoo.co.jp/articles/c995926c6c3ff5a58fc9306a4291299a7494295f,8/28(金) 10:30
2026-08-29,03:31,business,経済,16,Bloomberg,N/A,13,https://news.yahoo.co.jp/articles/f1144dc28aa05757423f6c3c750514287856ae0c,8/28(金) 15:48
2026-08-29,03:31,business,経済,17,プレジデントオンライン,N/A,12,https://news.yahoo.co.jp/articles/4319e33656330607c202e845027fd5f4a5d68fa4,8/28(金) 8:15
2026-08-29,03:31,business,経済,18,NOSWEB,N/A,12,https://news.yahoo.co.jp/articles/7c568de3bf341827be3031246fe46d246b76267a,8/28(金) 11:55
2026-08-29,03:31,business,経済,19,毎日新聞,N/A,11,https://news.yahoo.co.jp/articles/08eb7f1dd0ab079e29b98acecd8a7480562edbe1,8/29(土) 2:01
2026-08-29,03:31,business,経済,20,ファイナンシャルフィールド,N/A,11,https://news.yahoo.co.jp/articles/72f24d6b5e297d9002cc97f8a8502c865e70b886,8/28(金) 14:40
2026-08-29,03:31,business,経済,21,ファイナンシャルフィールド,N/A,11,https://news.yahoo.co.jp/articles/6227baadde8c9c20c4522d2c0d41a92d7700f3d3,8/28(金) 13:50
2026-08-29,03:31,business,経済,22,時事通信,N/A,11,https://news.yahoo.co.jp/articles/0fe662d0c0e637a36c9a37089e06c8f3510adccb,8/28(金) 20:00
2026-08-29,03:31,business,経済,23,LIMO,N/A,11,https://news.yahoo.co.jp/articles/beb402d9aa7d7565769f1f2e0089df07cab883c8,8/28(金) 19:05
2026-08-29,03:31,business,経済,24,プレジデントオンライン,N/A,11,https://news.yahoo.co.jp/articles/4e744fed37fffe00d86a1e951ff4b73585812d17,8/28(金) 7:15
2026-08-29,03:31,business,経済,25,東洋経済オンライン,N/A,10,https://news.yahoo.co.jp/articles/be1a374b955eed22f20baf1b3426cc192bfaf7cb,8/28(金) 15:00
2026-08-29,03:31,business,経済,26,東洋経済オンライン,N/A,10,https://news.yahoo.co.jp/articles/db1d4163dc67069dbca4b63ed3202d1631f9d2dd,8/28(金) 5:00
2026-08-29,03:31,business,経済,27,ファイナンシャルフィールド,N/A,10,https://news.yahoo.co.jp/articles/af85957f06a03c95f70bd80a55fce82b9fa2aa69,8/28(金) 13:50
2026-08-29,03:31,business,経済,28,ファイナンシャルフィールド,N/A,10,https://news.yahoo.co.jp/articles/b0eee7dc40bb8ade5d3bce6d27d4fa3bb462ab6e,8/28(金) 13:10
2026-08-29,03:31,business,経済,29,TBS CROSS DIG with Bloomberg,N/A,9,https://news.yahoo.co.jp/articles/7ddfb7e539c8f007398c253a737646232d3cae11,8/28(金) 17:04
2026-08-29,03:31,business,経済,30,LIMO,N/A,9,https://news.yahoo.co.jp/articles/13ebca76374c5aff65908e10a7cb51c54858bb6b,8/28(金) 23:10
2026-08-29,03:31,business,経済,31,共同通信,N/A,9,https://news.yahoo.co.jp/articles/5fe0f2c1c441d276a1d42401b347b68b59ad4f88,8/29(土) 0:58
2026-08-29,03:31,business,経済,32,TBS NEWS DIG Powered by JNN,N/A,9,https://news.yahoo.co.jp/articles/c26338b4a1890dc47b65d3289096f181ed565496,8/28(金) 17:24
2026-08-29,03:31,business,経済,33,LIMO,N/A,8,https://news.yahoo.co.jp/articles/89f49b2bdca52f7be96407342adb6585432b7952,8/28(金) 15:10
2026-08-29,03:31,business,経済,34,Bloomberg,N/A,8,https://news.yahoo.co.jp/articles/a5293d39f5b152308a66d6a18996f742eb538ba5,8/28(金) 17:23
2026-08-29,03:31,business,経済,35,プレジデントオンライン,N/A,8,https://news.yahoo.co.jp/articles/3b4895958db83ff1484f19be98c6aec0b8a5076e,8/28(金) 7:15
2026-08-29,03:31,business,経済,36,LIMO,N/A,8,https://news.yahoo.co.jp/articles/5b49e9993b19c875e637330de21cb6de4a65fd87,8/28(金) 16:40
2026-08-29,03:31,business,経済,37,TBS NEWS DIG Powered by JNN,N/A,8,https://news.yahoo.co.jp/articles/12691d5ada24775c3c811533e2b5f01f5f773fbb,8/29(土) 0:49
2026-08-29,03:31,business,経済,38,東洋経済オンライン,N/A,8,https://news.yahoo.co.jp/articles/64844a1494cff8e8c42031d18c01155ee498867c,8/28(金) 8:00
2026-08-29,03:31,business,経済,39,テレビ朝日系（ANN）,N/A,8,https://news.yahoo.co.jp/articles/161b90c291831144e971bd7bdf8ab30322b6ce88,8/28(金) 19:49
2026-08-29,03:31,business,経済,40,LIMO,N/A,7,https://news.yahoo.co.jp/articles/1084f3173ae051f3685668ebbfa9f3cf379a3d88,8/28(金) 20:20
