scrp_date,scrp_time,genre_en,genre_jp,rank,media_jp,title,comment,link,date_original
2023-12-15,13:23,life,ライフ,1,オトナンサー,忘年会帰りに「逮捕」されるかも！？　「酔っ払い防止法」ってどんな法律？　弁護士に聞いてみた,144,https://news.yahoo.co.jp/articles/d9ea2cd76d010e75678ba592324da451ba14a9d3,12/15(金) 7:10
2023-12-15,13:23,life,ライフ,2,日刊ゲンダイDIGITAL,与党税制改正大綱に「トリガー条項」めぐる記述なし…《ふざけるな》とSNSで怒りの声が再燃,95,https://news.yahoo.co.jp/articles/fa253fff1924229f57c2d626a9da452831c7d7a8,12/15(金) 11:45
2023-12-15,13:23,life,ライフ,3,週刊SPA!,「母親が息子の子どもを妊娠してしまった」障害者専門の風俗嬢が目の当たりにした“障害者と性”の問題,65,https://news.yahoo.co.jp/articles/8f938e1c03b88c29d713eeaff390b56dde8bff05,12/14(木) 15:54
2023-12-15,13:23,life,ライフ,4,ファイナンシャルフィールド,わずかに住民税非課税対象から外れている共働き世帯です。非課税世帯対象の給付金が多いため、専業主婦になった方がよいでしょうか？,37,https://news.yahoo.co.jp/articles/72f9b8a37e08ec1ab0a266204366a61f531e7ce1,12/15(金) 11:20
2023-12-15,13:23,life,ライフ,5,朝日新聞EduA,大谷選手が1015億円でドジャースに移籍 → 1千億円ってどのくらい？,32,https://news.yahoo.co.jp/articles/eebabe8349a821fc5ab55e3086cd5966f71acd11,12/15(金) 11:32
2023-12-15,13:23,life,ライフ,6,THE GOLD ONLINE（ゴールドオンライン）,"「長野の別荘は諦めます」 年収1,500万円の59歳・勝ち組サラリーマン、〈ねんきん定期便〉記載の年金見込額をみて人生初の挫折【CFPが解説】",29,https://news.yahoo.co.jp/articles/4736b65c704ceb8d76db6f6c1e9dbe48b0ee43aa,12/15(金) 11:32
2023-12-15,13:23,life,ライフ,7,CHANTO WEB,「欲望を満たせるなら男児でもいい」性加害者の心理【専門家が語る】,25,https://news.yahoo.co.jp/articles/e47c2c44c66a6ba485bb4c046d4b38185f508aaf,12/15(金) 6:32
2023-12-15,13:23,life,ライフ,8,歴史人,徳川家康は本当に豊臣家を滅ぼそうとしたのか⁉,24,https://news.yahoo.co.jp/articles/9baf4d6474e02a45451054eb7c75b5f944c8c62b,12/15(金) 11:30
2023-12-15,13:23,life,ライフ,9,週刊女性PRIME,《都心で急増する隠れゴミ屋敷》40代女性看護師、1LDKでゴミ袋300袋以上！「え？そこで寝るの!?」の衝撃,23,https://news.yahoo.co.jp/articles/b1c7b83efca555c5eb6b335e4e2c8b805997269e,12/15(金) 8:02
2023-12-15,13:23,life,ライフ,10,BuzzFeed Japan,ここにいたのか……！　リトアニアの空港で日本円に両替したら、まさかの紙幣ばかり,20,https://news.yahoo.co.jp/articles/bfa6f8233ceb24334d69f40781944c32a68a8ca5,12/15(金) 8:00
2023-12-15,13:23,life,ライフ,11,ねとらぼ,「豚汁」の呼び方って、とんじる？ ぶたじる？　2718件の回答からゼンリンが作成した「豚汁マップ」が興味深い,19,https://news.yahoo.co.jp/articles/7c7d2d0dea166f77437d8ba834c859aac515fa65,12/15(金) 8:00
2023-12-15,13:23,life,ライフ,12,ねとらぼ,「進撃の巨人」エレンの最終形態の工作がアイデアの勝利　身体の大半を“ある便利グッズ”だけで再現,18,https://news.yahoo.co.jp/articles/5ca7be054697011f614389669f9c2fdd8e743f14,12/15(金) 12:15
2023-12-15,13:23,life,ライフ,13,ENGINE WEB,現金2000万円を鞄に詰めて行ったのに買えなかったカウンタックのエピソードは爆笑　アヴェンタドールを5台も乗り継ぐ元ホームラン王の山崎武司さんの豪快なクルマ遍歴とは,17,https://news.yahoo.co.jp/articles/60635b8326317cd798de2306c2185d1083a3d68e,12/15(金) 7:10
2023-12-15,13:23,life,ライフ,14,THE GOLD ONLINE（ゴールドオンライン）,年金を「75歳受給開始」にすると“84%増額”だが…多くの人は損をする？結局、最も「お得」な「受給開始年齢」はいつか【社会保険労務士が解説】,17,https://news.yahoo.co.jp/articles/9ead7667d415ab4f8795d1d06d5ff91d437c1d87,12/15(金) 10:32
2023-12-15,13:23,life,ライフ,15,グルメ Watch,加熱式たばこ、増税へ。紙巻きたばこと同等に引き上げ,16,https://news.yahoo.co.jp/articles/d28881e20053c1f21ebd935747c536162d995a82,12/15(金) 12:29
2023-12-15,13:23,life,ライフ,16,産経新聞,ウォンバット「コウ」死ぬ　ライブカメラの視聴者からの通報も間に合わず　大阪・五月山動物園,16,https://news.yahoo.co.jp/articles/f6ea939eb344b334a3d8a0f872af266b01cfc2fa,12/14(木) 18:08
2023-12-15,13:23,life,ライフ,17,共同通信,宝塚歌劇団に労基署が再立ち入り　本拠地の新年開幕は延期,15,https://news.yahoo.co.jp/articles/62f022436594d259fa9b53b944706d48f044f961,12/15(金) 10:30
2023-12-15,13:23,life,ライフ,18,CanCam.jp,「恋は3年で冷める」ってホント？「付き合って3年目の壁」を感じた人の割合,13,https://news.yahoo.co.jp/articles/91669d82163f376f1c92af70141f209bc41fd398,12/15(金) 12:06
2023-12-15,13:23,life,ライフ,19,女子SPA！,老後の生活はカツカツだと思ってない？月12万円で豊かに暮らす54歳の「リアルな支出」,13,https://news.yahoo.co.jp/articles/5b3406c3919e038632f81e0eec5bff379221bba5,12/15(金) 8:47
2023-12-15,13:23,life,ライフ,20,日刊ゲンダイDIGITAL,安倍派「裏金議員」は辞職ドミノ不可避…2024年4月補選は自民党“総崩れ”危機,13,https://news.yahoo.co.jp/articles/b885983b0e21e4df324b8cd73669671c36fcb456,12/15(金) 9:06
2023-12-15,13:23,life,ライフ,21,ファイナンシャルフィールド,時短勤務なのに会社から「1時間の残業」のお願い…子供のお迎えがあるので拒否してもよい？,13,https://news.yahoo.co.jp/articles/ff700b26abf913ce0ec5ceae17761969df31e29c,12/15(金) 11:20
2023-12-15,13:23,life,ライフ,22,よろず～ニュース,「これプリキュアじゃない？」カロリーメイトの受験生応援CMが話題　10年前の楽曲を起用した粋な理由,12,https://news.yahoo.co.jp/articles/c2f59a54d05d698d916d80122f07c5bc5de3ea8b,12/15(金) 10:30
2023-12-15,13:23,life,ライフ,23,ファイナンシャルフィールド,「このお店は大丈夫...？」レシートや領収書を発行してくれなかったのですが...,12,https://news.yahoo.co.jp/articles/5b12e7b345ef8845bfcdd84207590882f0f5c962,12/15(金) 11:00
2023-12-15,13:23,life,ライフ,24,ファイナンシャルフィールド,職場のランチを「コンビニ弁当」から「手作り弁当」にすると、「月7000円」の節約が可能!? 外食の場合との食費も比較,12,https://news.yahoo.co.jp/articles/f224e6535db0d1eecd291ec11eb4a183c6abd245,12/15(金) 11:10
2023-12-15,13:23,life,ライフ,25,ファイナンシャルフィールド,生活保護を受けたら、アルバイトをしてはいけないの？ 自分のできる範囲で仕事をしたいのですが……。,11,https://news.yahoo.co.jp/articles/1d27b15a68c4ded98cb5c600ee4ae929d836fffd,12/15(金) 11:32
2023-12-15,13:23,life,ライフ,26,Hint-Pot,「その発想はなかった」　プロテインシェイカーの活用法に目からウロコ　警視庁のアイデアが話題に,11,https://news.yahoo.co.jp/articles/49fd28bbdc8b2bc09f7717541d3154b83b4008fc,12/15(金) 11:13
2023-12-15,13:23,life,ライフ,27,共同通信,宝塚歌劇団に労基署が再び立ち入り調査,11,https://news.yahoo.co.jp/articles/0e10eb645d4960c903f144c02e5c4411b5042adf,12/15(金) 9:47
2023-12-15,13:23,life,ライフ,28,オーヴォ,トイレのフタを「閉めて流す」？「開けて流す」？　見落としがちな「フタの裏側」にご注意,11,https://news.yahoo.co.jp/articles/115152178b2daa7d49e4c5e2a7f2065fa90f25e2,12/15(金) 10:00
2023-12-15,13:23,life,ライフ,29,LIMO,注文住宅で「無くても良かった設備」一覧。2階のトイレやオール電化など「当たり前」の常識にとらわれない,10,https://news.yahoo.co.jp/articles/c24bfa75c4b08c287091f711d4b3b1bcb2918327,12/15(金) 5:26
2023-12-15,13:23,life,ライフ,30,ファイナンシャルフィールド,外食前、子どもに「カップ麺」や「おにぎり」を食べさせています。節約のためとはいえ、あまり良くないでしょうか…？,10,https://news.yahoo.co.jp/articles/fdf75c6f3b37306184ed8ff5b735dde6071314b8,12/14(木) 14:10
2023-12-15,13:23,life,ライフ,31,THE GOLD ONLINE（ゴールドオンライン）,年金月30万円の70代夫婦“悠々自適な老後”が一転…37歳“出戻り娘”が言い放った「まさかのひと言」に温厚な妻が大激怒【CFPが解説】,10,https://news.yahoo.co.jp/articles/984f91f2594c1c3ec1721cc4291aa8df5cf78864,12/15(金) 11:02
2023-12-15,13:23,life,ライフ,32,Hint-Pot,「きれいになった空気に毛を足してくる妖怪」　空気清浄機の上に乗ってくつろぐねこに2.8万人爆笑,9,https://news.yahoo.co.jp/articles/1aa36c6c5676c25712a5c49ee099306a38cc2150,12/15(金) 12:28
2023-12-15,13:23,life,ライフ,33,ファイナンシャルフィールド,「パートに有休なんていらないでしょ？」と、退職前の有休消化を拒否されました。このまま退職するしかないのでしょうか…？,9,https://news.yahoo.co.jp/articles/b9ad95b3c1fb4901957d1202c052a458c0392f81,12/15(金) 11:11
2023-12-15,13:23,life,ライフ,34,FNNプライムオンライン（フジテレビ系）,「名付けセンスもあるんかい!」大谷翔平選手の愛犬の名前は「デコピン」!衝撃情報でトレンド1位に,9,https://news.yahoo.co.jp/articles/8b036833502fb6763ee375ad9db1b436616396dc,12/15(金) 9:17
2023-12-15,13:23,life,ライフ,35,with online,肥満より怖い子どもの「やせ願望」。児童精神科医が警鐘を鳴らす、“摂食障害”の恐ろしさ,9,https://news.yahoo.co.jp/articles/69419bfbeb3ee0853723d8acb33cdc57ffbda213,12/15(金) 7:10
2023-12-15,13:23,life,ライフ,36,相続会議,「自分の親は介護するな」　柴田理恵さんが遠距離介護で学んだ抱え込まない介護,9,https://news.yahoo.co.jp/articles/10ad90129cdde06c567d3b880a9fbbfe8907f47f,12/15(金) 7:05
2023-12-15,13:23,life,ライフ,37,LIMO,大掃除で着物が出てきました。買取で二束三文って本当ですか？,8,https://news.yahoo.co.jp/articles/edaa23cebfe818d0ede07c119539c80e8958d8be,12/15(金) 12:07
2023-12-15,13:23,life,ライフ,38,THE GOLD ONLINE（ゴールドオンライン）,「がん保険」は役に立たない？…FPが検証して出した結論は「保険に入らず現金100万～300万円を貯めるべし」,8,https://news.yahoo.co.jp/articles/d5b2f8f2ba92ff722158ef54e9b3e947c96caafe,12/15(金) 7:46
2023-12-15,13:23,life,ライフ,39,ENGINE WEB,再び「アルファード」&「ヴェルファイア」に挑む　ホンダ・オデッセイが中国製で復活,8,https://news.yahoo.co.jp/articles/d08ed72e6fb95140896dcafa738e3afbb44967d4,12/15(金) 6:10
2023-12-15,13:23,life,ライフ,40,まいどなニュース,「こんな標識、初めて見た」めずらしい警戒標識に「洗い越しって？」「法的に存在する標識でしたっけ？」,8,https://news.yahoo.co.jp/articles/1020a220db3bd3422ab1040166cbf368e821fc91,12/15(金) 7:40
