scrp_date,scrp_time,genre_en,genre_jp,rank,media_jp,title,comment,link,date_original
2023-12-26,04:15,entertainment,エンタメ,1,スポニチアネックス,Adoが一部報道を否定　「素顔を…」に「こちらの記事は間違ったもの。そのAdoは偽物です！」,223,https://news.yahoo.co.jp/articles/ce4578b255fc522b04151e9d6b4e9991c2132c5c,12/25(月) 23:08
2023-12-26,04:15,entertainment,エンタメ,2,ねとらぼ,「Mステ」でナチス式敬礼の指摘、LDH所属グループに批判　「これは酷い」「倫理的にどうかしてる」,74,https://news.yahoo.co.jp/articles/3aaa8639898392335d9d633b20ea1174abbee4d8,12/25(月) 13:38
2023-12-26,04:15,entertainment,エンタメ,3,J-CASTニュース,M-1山田邦子「スポンサーボード隠し」が物議　表彰式の行動に「怒っていい」「アウトだろ」「ヒヤヒヤした」,70,https://news.yahoo.co.jp/articles/14467ea61d66ff0db3c04a2773aa6fdd6e3a12a6,12/25(月) 12:05
2023-12-26,04:15,entertainment,エンタメ,4,オリコン,高島屋“崩れたクリスマスケーキ”購入者に順次連絡しお詫びへ「お届けした際の商品の状態をお尋ねさせていただきたく」,66,https://news.yahoo.co.jp/articles/9b6436bb8c94e48c4f6879aa4d2a555525d4bcc8,12/25(月) 11:50
2023-12-26,04:15,entertainment,エンタメ,5,CHANTO WEB,元AKB48・北原里英「負け慣れして自分に自信がなかった」人生を変えた俳優の夫との共働き生活のリアル,64,https://news.yahoo.co.jp/articles/1407cc7b95b6b51a792fe05870d477a5b75ab271,12/25(月) 17:01
2023-12-26,04:15,entertainment,エンタメ,6,ENCOUNT,「詳しくないのに適当に賭けて4000万勝ち」　有馬記念で20万円→4236万円…衝撃の馬券的中にネットあ然,49,https://news.yahoo.co.jp/articles/7a26e1bfa4ad12d11602610d3fe6d438de54b816,12/25(月) 17:12
2023-12-26,04:15,entertainment,エンタメ,7,文春オンライン,《証拠入手》「クソ事務所！」東海オンエアしばゆー(29)が名古屋の高級ホテルから4200万円の損害賠償請求を受けていた「離婚騒動、セカンドパートナーの次は金銭トラブル」,47,https://news.yahoo.co.jp/articles/9c84fbe3b0cb20b0cae51748d696659f901498f7,12/25(月) 17:12
2023-12-26,04:15,entertainment,エンタメ,8,FRIDAY,「マリファナ吸って『笑っていいとも』出た」窪塚洋介が12月「改正大麻取締法成立」のウラで衝撃告白,38,https://news.yahoo.co.jp/articles/434475027cbf7228596d2e7cef1244a12ab2ee42,12/25(月) 11:00
2023-12-26,04:15,entertainment,エンタメ,9,スポニチアネックス,フィフィ「たった5年で出てくる恐ろしさ、それなら去勢が必要かと」女児への性的虐待で逮捕3回の被告に,37,https://news.yahoo.co.jp/articles/efbfd9f3326aae6b41f347d7110b1019078ab773,12/25(月) 11:01
2023-12-26,04:15,entertainment,エンタメ,10,SmartFLASH,妻・小川菜摘と別居の浜田雅功、“記憶障害” 報道だけじゃない「『結果発表』の声に力がない」テレビ局の不安【2023年衝撃事件の結末】,35,https://news.yahoo.co.jp/articles/4a51d5858e54985f7d60f2c939ff73d99adc31d5,12/25(月) 6:00
2023-12-26,04:15,entertainment,エンタメ,11,夕刊フジ,有村架純と高橋海人〝３年愛〟電波を通してメッセージ…キンプリ分裂「伏線だったのね」間が悪い半同棲時期に冷めるファン心理,32,https://news.yahoo.co.jp/articles/decc8628cd397ac1181f3731cb6215e01f836626,12/25(月) 17:00
2023-12-26,04:15,entertainment,エンタメ,12,ABEMA TIMES,M-1決勝で負けたコンビに“辛辣コメント”の山田邦子「さや香は審査員に挑戦してきた。ことさら好きになった」,31,https://news.yahoo.co.jp/articles/42c316dfc21f5184927c7cdda33931daa8a641a1,12/25(月) 22:56
2023-12-26,04:15,entertainment,エンタメ,13,スポニチアネックス,橋下徹氏　自民巨額裏金事件「こんなこと民間では許されない。これで政党交付金約40億円を受け取るの？」,29,https://news.yahoo.co.jp/articles/5736876da8cfc5d62ceeac6e6c0d27e51ccde936,12/25(月) 9:46
2023-12-26,04:15,entertainment,エンタメ,14,SmartFLASH,「ぬるすぎてヒリヒリ感ない」『M-1』審査員、辛口＆重鎮消えて「穏やか化」に物足りなさ感じるファンの声,29,https://news.yahoo.co.jp/articles/a110398573441819e9a0b73a2ce5100f59d19a47,12/25(月) 20:16
2023-12-26,04:15,entertainment,エンタメ,15,女性自身,「M-1」要望多かった“リアルタイム字幕”をついに導入！高いハードル乗り越えネット歓喜,28,https://news.yahoo.co.jp/articles/c3e88e13841ec032887ad50dedce4968ff99e2a3,12/25(月) 19:24
2023-12-26,04:15,entertainment,エンタメ,16,女性自身,Ado「素顔見せてもいい…」 紅白初出場で迫る「顔出し解禁」のタイミング,26,https://news.yahoo.co.jp/articles/4403dc67392e61b506160f96877a1448fd277cb2,12/25(月) 15:50
2023-12-26,04:15,entertainment,エンタメ,17,マグミクス,「詐欺では？」　パッケージとゲーム内容が違いすぎる「衝撃ファミコンソフト」3選,25,https://news.yahoo.co.jp/articles/ae3f1d7a18201a503c079d93bb975655dd16fa06,12/25(月) 21:50
2023-12-26,04:15,entertainment,エンタメ,18,オリコン,髭男爵ひぐち君、“お笑いの仕事1割、ワインの仕事9割”も「いいことだと今は思っています」,25,https://news.yahoo.co.jp/articles/61ef3034f104a3ea437cdcc8f99bc7f6f720ea03,12/25(月) 8:40
2023-12-26,04:15,entertainment,エンタメ,19,デイリースポーツ,Ｍ－１令和ロマン・ケムリ　父は年収「１億８１００万」超大手証券会社の副社長と明かしていた,22,https://news.yahoo.co.jp/articles/04ab31b2addcb48087f34b3f1c7fb7d1d6a88aa9,12/25(月) 11:33
2023-12-26,04:15,entertainment,エンタメ,20,J-CASTニュース,「菅田将暉に見えるの私だけ？」「ネタ入ってこない」　トップバッターで優勝も...M-1王者にSNS反響,21,https://news.yahoo.co.jp/articles/6335b3c68907a362973816427d3478614a8e93f9,12/25(月) 14:53
2023-12-26,04:15,entertainment,エンタメ,21,オリコン,LAPONEエンタ、日プガールズ発「ME:I」の誹謗中傷被害に声明　一定のラインを超えた表現「法的措置を視野に」,21,https://news.yahoo.co.jp/articles/3db628b107b4f994b231b8ae79c285d560149efd,12/25(月) 12:31
2023-12-26,04:15,entertainment,エンタメ,22,日刊ゲンダイDIGITAL,Perfume、NiziU、ミセス…NHK紅白歌合戦の“謎選曲”にファンからも上がる疑問の声,20,https://news.yahoo.co.jp/articles/742512384e3a9f3a5391222b522942645b0d2c8d,12/25(月) 9:06
2023-12-26,04:15,entertainment,エンタメ,23,スポニチアネックス,“ポスト岸田”の声上がる高市早苗氏　総裁選への意欲問われ「身を屈して、分を守り、天の時を待つの心境」,20,https://news.yahoo.co.jp/articles/dc159b65b2edc4a176230b864f1d8b95b3fac15b,12/25(月) 18:18
2023-12-26,04:15,entertainment,エンタメ,24,SmartFLASH,山田邦子『M-1』エンディングで「さや香、全然よくなかった」のメガトン発言…本人に真意を聞いたら「審査員も試されていた」,20,https://news.yahoo.co.jp/articles/4f82de3068b1a2cc9929472854058d449d99f725,12/25(月) 21:32
2023-12-26,04:15,entertainment,エンタメ,25,オリコン,【M-1】ダンビラムーチョ、今田耕司から“出禁”宣告「二度とエントリーしないでください」,20,https://news.yahoo.co.jp/articles/578369beed5cce311e1e263dba38cb377fb15cf4,12/25(月) 21:24
2023-12-26,04:15,entertainment,エンタメ,26,日刊スポーツ,【M－1】サンド伊達みきお、最終決戦０票のさや香に「２本目もったいない、優勝目の前だった」,18,https://news.yahoo.co.jp/articles/7434e0908a1d6bf293b91bc5d06d6a247aa9f6d6,12/25(月) 22:55
2023-12-26,04:15,entertainment,エンタメ,27,デイリー新潮,旧ジャニ「STARTO社」が早くも逆境に…芸能事務所幹部が「協調できません」と言う理由,17,https://news.yahoo.co.jp/articles/0eccdd8db8a15678ac1f1dcd56a772687c6896c1,12/25(月) 10:50
2023-12-26,04:15,entertainment,エンタメ,28,スポニチアネックス,槙原寛己氏　山本由伸の461億円契約に「今までの日本の選手たちが価値を上げてくれたことを忘れないで」,16,https://news.yahoo.co.jp/articles/52c0b354e044d3e1e87bab291d87b5650f1a3f5c,12/25(月) 14:01
2023-12-26,04:15,entertainment,エンタメ,29,日刊スポーツ,声優鈴木達央「虚勢張ります、震えも隠します」心境吐露　不倫疑惑報道で活動休止も昨春活動再開,16,https://news.yahoo.co.jp/articles/f873c7139ee22ca70b1e14d94052937c1792360d,12/25(月) 19:02
2023-12-26,04:15,entertainment,エンタメ,30,SmartFLASH,兎田ぺこら「165万円」デカキン「1086万円」有馬記念でYouTuberが高額的中…つぎ込む資金もハンパなし,16,https://news.yahoo.co.jp/articles/2b88bc6c21d2cf256a860b9ba9f68394745e8e02,12/25(月) 20:47
2023-12-26,04:15,entertainment,エンタメ,31,文春オンライン,「裸で入るのがほとんどですかね」女子アナ界のオシャレ番長・郡司恭子(33)が岡田准一似イケメンと禁断の‟個室サウナデート”《スクープ撮》,16,https://news.yahoo.co.jp/articles/4ce33966537c3554d12f46caa72e875a7bfe795a,12/25(月) 20:51
2023-12-26,04:15,entertainment,エンタメ,32,スポニチアネックス,M-1審査員・山田邦子　さや香への爆弾発言「つまんなかったと言ったところで終わっちゃったから…」,15,https://news.yahoo.co.jp/articles/0128c4e38f4b65972708aa8f91a83c982eab9da3,12/25(月) 10:36
2023-12-26,04:15,entertainment,エンタメ,33,ねとらぼ,摂食障害公表の遠野なぎこ、エイヒレ1皿食べきれず「お店の方ごめんなさい」　苦しみつづり“体重また減ってた”SNS投稿も,15,https://news.yahoo.co.jp/articles/78ce7ec304399e8e24394020d103e045fb58b2e8,12/25(月) 19:58
2023-12-26,04:15,entertainment,エンタメ,34,SmartFLASH,美奈子、元レスラーDV夫から命がけ逃走、離婚調停スタートで「子供たちの笑顔が自然になった」と好評【2023年衝撃事件の結末】,15,https://news.yahoo.co.jp/articles/224e4b6bdd74e27ad487df4ebfc8556e193ed19f,12/25(月) 6:01
2023-12-26,04:15,entertainment,エンタメ,35,マグミクス,「間接的な見せ方が余計イヤ」ずっと記憶に残る人気作の悲惨すぎる死亡シーン,14,https://news.yahoo.co.jp/articles/6599b5af9d139e2ea139d6e7620aadfa75a356de,12/25(月) 16:10
2023-12-26,04:15,entertainment,エンタメ,36,女性自身,赤西仁　黒木メイサとの離婚の“前兆”…ずっと付けていた結婚指輪が消えた,14,https://news.yahoo.co.jp/articles/49080c1e2af04f100bae5e7dd6cbdc6f9a06cd00,12/25(月) 13:36
2023-12-26,04:15,entertainment,エンタメ,37,中日スポーツ,「最後に全部持っていった」M―1審査員・山田邦子が1日たってもネットで話題「嫌われすぎじゃね？」「審査員は辞退して」,14,https://news.yahoo.co.jp/articles/d095ef666d104f54d8260373238eb87223370526,12/25(月) 20:53
2023-12-26,04:15,entertainment,エンタメ,38,スポーツ報知,Ｋｏｋｉ，美脚すらり！「素敵な一日になります様に」１７０センチ長身のモデルスタイル,13,https://news.yahoo.co.jp/articles/2f8cff1d937f817c642f7129bc38afdb799ecb0b,12/25(月) 20:07
2023-12-26,04:15,entertainment,エンタメ,39,スポニチアネックス,M-1視聴率　関東は17・2％！瞬間最高は20・8％　優勝が発表された瞬間　関西の世帯は28・0％,13,https://news.yahoo.co.jp/articles/ccd38ac9aa0d0007bff406cb7d892faf0cd8ca83,12/25(月) 9:36
2023-12-26,04:15,entertainment,エンタメ,40,オリコン,宝塚歌劇、花組・舞月なぎさ＆帆純まひろ＆愛蘭みこ＆美里玲菜が退団　来年5月の千秋楽で,13,https://news.yahoo.co.jp/articles/23bbb137a67a4481ffb3006699e33602cae2be0f,12/25(月) 15:26
