scrp_date,scrp_time,genre_en,genre_jp,rank,media_jp,title,comment,link,date_original
2023-12-27,03:22,life,ライフ,1,産経新聞,ＪＲ京葉線通勤快速廃止のダイヤ改正に千葉県一宮町の町長も抗議、撤回要望へ,51,https://news.yahoo.co.jp/articles/2e9eb244d96a566a2a26e38e7451b890a4a54a84,12/26(火) 21:36
2023-12-27,03:22,life,ライフ,2,女子SPA！,「トイレで排泄するわが子」を動画で公開する親たち。コメント欄で“恐ろしいこと”が起こっているのに,50,https://news.yahoo.co.jp/articles/e32748fb97ab3583fcd657d567666034453abd30,12/26(火) 8:45
2023-12-27,03:22,life,ライフ,3,Book Bang,所得制限で揺れる「世帯年収1000万円」　カツカツでも世間からは「勝ち組」扱いの理不尽（レビュー）,37,https://news.yahoo.co.jp/articles/18e84937e8b3781e3cae1426ce5210c44326c555,12/26(火) 6:00
2023-12-27,03:22,life,ライフ,4,産経新聞,吸い殻ポイ捨てで魚大量死、ＣＦ支援受け水槽再開　京都の水族館,36,https://news.yahoo.co.jp/articles/4e779e2ce90dc6be7aece92fea64a17f06ca885a,12/26(火) 10:00
2023-12-27,03:22,life,ライフ,5,まいどなニュース,「終わった…これで電車乗ってたのか」とんでもない姿で通勤した男性　1時間後に気付き…その後どうなった？,30,https://news.yahoo.co.jp/articles/58f56a018814682b6ae3860826dd1c82fd706af2,12/26(火) 14:50
2023-12-27,03:22,life,ライフ,6,現代ビジネス,青木さやか、50歳になって「相談に乗った友人が再び来ない理由」を知って気づいたこと,18,https://news.yahoo.co.jp/articles/abf26a9900ef935553d2036230cde1f98f9f944b,12/26(火) 7:03
2023-12-27,03:22,life,ライフ,7,まいどなニュース,婚活中男女の約9割「お金事情は聞きづらい」　一方「お金についてギャップを感じる」夫婦は約半数,17,https://news.yahoo.co.jp/articles/ffcdb98cff40573c47258c3cfbfd894510fb00f6,12/26(火) 20:20
2023-12-27,03:22,life,ライフ,8,ねとらぼ,7年間引きこもりの男性が……　美容師のお任せで大変身！　「涙が出た」「別人になった」と感動の声,15,https://news.yahoo.co.jp/articles/35d731c97ad1851905f53b54339977337f480feb,12/26(火) 20:45
2023-12-27,03:22,life,ライフ,9,まいどなニュース,繰り返される無断駐車にブチッ！ 迷惑車両の“逃げ道”を塞ぐ強硬手段に注目集まる【2023年…駐車スペース巡る攻防戦あれこれ】,14,https://news.yahoo.co.jp/articles/385328dbf692654fb55bd24f9505f143e8e6c914,12/26(火) 8:00
2023-12-27,03:22,life,ライフ,10,マイナビニュース,布製タイヤチェーンが人気? 使用上の注意点は?【オートバックスに聞く】,13,https://news.yahoo.co.jp/articles/5feee482be272a92e0408a017eee9749efeb953a,12/26(火) 12:11
2023-12-27,03:22,life,ライフ,11,ねとらぼ,【60代が選ぶ】入学できたら自慢できそうな「GMARCH・早慶上理ICU・日東駒専の大学」ランキング！　2位は「早稲田大学」、1位は？,12,https://news.yahoo.co.jp/articles/770959f0daf28908f9eda72538c99d351c39896d,12/26(火) 18:25
2023-12-27,03:22,life,ライフ,12,THE GOLD ONLINE（ゴールドオンライン）,日本企業の「内部留保」が過去最高の「555兆円」だが…「賃上げに回せ」も「課税しろ」も“無理筋な議論”である理由【公認会計士が解説】,11,https://news.yahoo.co.jp/articles/7b4bca3d5883948d356f0bb0fd882724e437847e,12/26(火) 7:46
2023-12-27,03:22,life,ライフ,13,LIMO,退職時「有給消化」を伝えたら断られました。前の職場はOKだったのに…何が違うんですか？,10,https://news.yahoo.co.jp/articles/c855df2296b7846dfb9002690c73a6c884f178cb,12/26(火) 14:17
2023-12-27,03:22,life,ライフ,14,Medical DOC,「大腸がん」の新しい検査法、便潜血より良好な検出感度を示す 普及の期待高まる,10,https://news.yahoo.co.jp/articles/eaa3c22dbaaef4932055b8f0dd916d8647235bb5,12/26(火) 11:32
2023-12-27,03:22,life,ライフ,15,THE GOLD ONLINE（ゴールドオンライン）,冬ボーナス平均55万円だが…41歳〈負け組サラリーマン〉、同級生〈勝ち組金融マン〉の「賞与額」に衝撃,10,https://news.yahoo.co.jp/articles/50abea2b07a9b100f786e9147109f91bf0dcf520,12/26(火) 6:02
2023-12-27,03:22,life,ライフ,16,ファイナンシャルフィールド,正社員で就職できましたが支給額が思ったより低いです。どうして月給20万円が16万円になるのでしょうか？,10,https://news.yahoo.co.jp/articles/19f5010b9c6c666ba96ccb2fdbbc4b5b617f0d9d,12/26(火) 18:31
2023-12-27,03:22,life,ライフ,17,Lmaga.jp,２３年間続く神戸の「世界一の朝食」、人気が衰えないのはなぜ？,10,https://news.yahoo.co.jp/articles/3817d81ac3cdea9687e454fbc16ec1ad5e2d8b7c,12/26(火) 12:15
2023-12-27,03:22,life,ライフ,18,オリコン,“看取り犬” として話題の文福くん、なぜ人の死期を悟り20人以上を看取ってこれたのか？　養護施設長に聞く,9,https://news.yahoo.co.jp/articles/e41c1a81c3ec100f50e196fee19bed4d1bac6693,12/26(火) 7:50
2023-12-27,03:22,life,ライフ,19,産経新聞,「日本一かわいい高１生」世古乙羽さん、千葉・四街道市のＰＲ大使に,9,https://news.yahoo.co.jp/articles/4194442715ea99e6fea39ade4b53ea4c4411eb63,12/26(火) 18:40
2023-12-27,03:22,life,ライフ,20,Web eclat,50代が夢中になった漫画「あさきゆめみし」の名場面,8,https://news.yahoo.co.jp/articles/6995331255765a1e0074c795f200941c0fec2bd1,12/26(火) 19:03
2023-12-27,03:22,life,ライフ,21,トラベル Watch,JR西日本、特急列車「WEST EXPRESS 銀河」京都～出雲市で運行。2024年3月から週2往復,8,https://news.yahoo.co.jp/articles/64a886a0b18865394e93df28c0cf989ee1c56e54,12/26(火) 20:31
2023-12-27,03:22,life,ライフ,22,ファイナンシャルフィールド,婚約指輪は「給料の3か月分」でなければダメですか？ 予算「15万円」が限界なのですが、安すぎるでしょうか？ 気持ちがあれば問題ないですか？,8,https://news.yahoo.co.jp/articles/d0c9585e02b1d21533da2b984f5c41638d5980c4,12/26(火) 13:40
2023-12-27,03:22,life,ライフ,23,ESSE-online,シングルマザーになった料理研究家・みきママさん。離婚を経て深まった子どもたちとの絆,8,https://news.yahoo.co.jp/articles/60a0cbe67c7c481247c21c768e24529d27e22245,12/26(火) 16:02
2023-12-27,03:22,life,ライフ,24,まいどなニュース,視力検査「ぼんやりとしか見えてない」時でも答えて大丈夫？ メガネ屋さんが投稿した意外な答え「正しい検眼広まってほしい」,8,https://news.yahoo.co.jp/articles/65b997356df662ad9e4d5bf822ab0cedf285eebc,12/26(火) 11:11
2023-12-27,03:22,life,ライフ,25,よろず～ニュース,大河『どうする家康』弱虫過ぎ、謎の耳噛み、“異質”な本能寺の変…重厚さに遠かった？ 歴史学者が振り返る,7,https://news.yahoo.co.jp/articles/6b60a478ac89b99e25294083c754188ef37f1043,12/26(火) 11:00
2023-12-27,03:22,life,ライフ,26,All About,プレゼントでもらったものをメルカリで売ってもいいですか？【メルカリのプロが解説】,7,https://news.yahoo.co.jp/articles/f100bcf180ae67935dfef202ad712c940bbeced7,12/26(火) 22:10
2023-12-27,03:22,life,ライフ,27,現代ビジネス,なんと医者が堂々と関わっている…「がん治療」で特に要注意な「代替療法の名前」,7,https://news.yahoo.co.jp/articles/13c3336af4f22979eb7fea37bfb23a2f8962c815,12/26(火) 7:03
2023-12-27,03:22,life,ライフ,28,毎日新聞,教諭がいじめ被害生徒蹴る　校長は虚偽説明　大阪府教委が減給処分,7,https://news.yahoo.co.jp/articles/d020004597442892bc295ebd016897a9c0457de8,12/26(火) 19:32
2023-12-27,03:22,life,ライフ,29,オリコン,「男性ホルモンが多い人はハゲる」は本当？ 世にはびこる薄毛・抜け毛の“都市伝説”、真偽を専門医が回答,7,https://news.yahoo.co.jp/articles/994c2ba571dd57ea5d495d5fa23dc35b86c551a0,12/26(火) 9:10
2023-12-27,03:22,life,ライフ,30,All About,新NISAを始める人が陥りがちな盲点、元ゴールドマントレーダーが危機感を抱く日本の未来,7,https://news.yahoo.co.jp/articles/233c6caf04d23d39b2015a1d57c0f7fd81be4a43,12/26(火) 21:50
2023-12-27,03:22,life,ライフ,31,ファイナンシャルフィールド,社内でのクリスマスイベントで「プレゼント交換」をしました。金額に決まりはなかったですが、500円は非常識でしたか…？,7,https://news.yahoo.co.jp/articles/0b6920cdd9b35329ba0c7cdda250c9bf323de163,12/26(火) 18:20
2023-12-27,03:22,life,ライフ,32,歴史人,日本の歴史でもっとも「鬼退治」の英雄として有名な武将【源頼光】の活躍ぶりとは⁉,7,https://news.yahoo.co.jp/articles/1ffc05a5e61c5f0d6503f7189c1a4613768d3605,12/26(火) 17:00
2023-12-27,03:22,life,ライフ,33,ワールドジェットスポーツマガジン,なんと 水上バイク に “ 風防 ”が 付いた！ コンセプトは「アドベンチャー」。グッドデザイン賞を受賞した「 Sea-Doo EXPLORER PRO 」は、革新的なマシンだった,7,https://news.yahoo.co.jp/articles/16f45aa4fe73c1f1107ec70c4fc77bc65ae0c58e,12/26(火) 20:17
2023-12-27,03:22,life,ライフ,34,まいどなニュース,帰国子女はうらやましい？　あだ名は「ウープス」、英語の教師には「バカにしてるのか」…当事者が明かす日本での苦労,7,https://news.yahoo.co.jp/articles/cbb6a2c493e46bd07f549d9c1f69f9d08d53dfb1,12/26(火) 7:30
2023-12-27,03:22,life,ライフ,35,ねとらぼ,【井上尚弥】「プロボクシングベストバウト」ランキング！　2位は「ノニト・ドネア戦」、1位は？【12月26日はスーパーバンタム級4団体王座統一戦が行われる日】,6,https://news.yahoo.co.jp/articles/af05e38a8430b76ce5aeed544e123d81343bfce3,12/26(火) 11:40
2023-12-27,03:22,life,ライフ,36,ファイナンシャルフィールド,【地獄の飲み会シーズン】連日の忘年会でお金が底を付きそうです……。居酒屋のお酒ってどうしてあんなに高いんですか？,6,https://news.yahoo.co.jp/articles/3f6d95c0218e227f4a647a29374224aef5e1f43d,12/26(火) 11:20
2023-12-27,03:22,life,ライフ,37,弁護士ドットコムニュース,「俺が今まであげたプレゼントのお金、全部返してよ」器の小さい男…要求に応じる必要ある？,6,https://news.yahoo.co.jp/articles/15386574b6dc0f7e133ae3ffcebd10d1c9e3a164,12/26(火) 9:59
2023-12-27,03:22,life,ライフ,38,FORZA STYLE,【アルヴェルに対抗は絶対ムリ】いや、おじさんはホンダオデッセイに期待せざるをえないのだ！,6,https://news.yahoo.co.jp/articles/10d8be7b4f32b16b47565f343522b9785ed2817b,12/26(火) 19:02
2023-12-27,03:22,life,ライフ,39,ファイナンシャルフィールド,前妻との子に仕送りをする夫が死亡。子がいない私に遺族年金は支給される？,6,https://news.yahoo.co.jp/articles/10023a2f0447ff961bba82e716954df32a17d8cd,12/26(火) 21:10
2023-12-27,03:22,life,ライフ,40,FNNプライムオンライン,「28個、食べました!」といえば秋田銘菓「金萬」　県民が慣れ親しむ味　販売開始から70年【秋田発】,6,https://news.yahoo.co.jp/articles/0c791143eac8c59ac5b3e7784f30646b3f724d06,12/26(火) 19:32
