scrp_date,scrp_time,genre_en,genre_jp,rank,media_jp,title,comment,link,date_original
2025-09-21,22:10,business,経済,1,ITmedia ビジネスオンライン,北九州のソウルフード「資さんうどん」　なぜ関東で行列ができるのか,84,https://news.yahoo.co.jp/articles/3fdbdb81baccce5e23dc6983fe712e4e70376f8a,9/21(日) 10:06
2025-09-21,22:10,business,経済,2,プレジデントオンライン,学歴もスキルもない「私文」に年収1000万円は無理…メガバンクの新卒採用に「MARCH卒」激減で起きたこと,74,https://news.yahoo.co.jp/articles/67f3c7dd12d56ed34811c7a8a8d1d392a25548a7,9/21(日) 18:15
2025-09-21,22:10,business,経済,3,産経新聞,太陽光パネルリサイクル義務化見送り、代替策は「努力義務」で政府調整　大量不法投棄懸念,66,https://news.yahoo.co.jp/articles/ebe3392a47c4dd55655bb201f12edac8b9503746,9/21(日) 19:36
2025-09-21,22:10,business,経済,4,産経新聞,太陽光パネルリサイクル大量廃棄問題、熊本地震で露見　費用は埋め立ての4～6倍,56,https://news.yahoo.co.jp/articles/500fabf06987425b38c30008e70a1ecc3ed77675,9/21(日) 19:40
2025-09-21,22:10,business,経済,5,関西テレビ,【密着】シニアの婚活バスツアー大人気「男性参加費1.6~1.7万円女性は千円安く」熟年離婚“最多”も,52,https://news.yahoo.co.jp/articles/2e8012340ceac3fec97f93095a45ace0a8aaa9b1,9/21(日) 6:00
2025-09-21,22:10,business,経済,6,LIMO,【生活保護】物価高騰で10月から「生活扶助基準額」が「月額1500円」に引き上げへ。「特例加算」導入の背景と生活保護制度の概要を解説,34,https://news.yahoo.co.jp/articles/f0d90d39eb67e21f8813522c3e8a55bfb836d9df,9/21(日) 6:46
2025-09-21,22:10,business,経済,7,マネーポストWEB,「詐欺で騙していたとすれば、許せません」“みんなで大家さん”に3000万円を投じた銀座ママの嘆き　出資者たちは怒りの集団返還訴訟へ,32,https://news.yahoo.co.jp/articles/52b87ee0516ea09a6a5007131e8d2f78b5380ed1,9/21(日) 7:15
2025-09-21,22:10,business,経済,8,ITmedia ビジネスオンライン,「残業多い」と感じる基準、管理職は40時間　非管理職は何時間から？,30,https://news.yahoo.co.jp/articles/02902783753cf03b5f2bf72e96f9b84797b37a6f,9/21(日) 20:18
2025-09-21,22:10,business,経済,9,THE GOLD ONLINE（ゴールドオンライン）,中国人富裕層が日本で坪単価700万円超の超高額マンションを続々購入…理由は「子どもを東大に入れるため」,28,https://news.yahoo.co.jp/articles/a2ad0a32a8a3525e3cdd32d4bc38e1bba44fb63c,9/21(日) 14:31
2025-09-21,22:10,business,経済,10,デイリー新潮,「人前で服薬はNG」「ビデオ会議の退出は上司優先」……　しばしば炎上のマナー講師は“失礼クリエイター”？　批判に当事者は,25,https://news.yahoo.co.jp/articles/a45ff27e06adb9a8ae7c6cce94dafa457a5acbb2,9/21(日) 11:09
2025-09-21,22:10,business,経済,11,テレビ朝日系（ANN）,なぜ？富良野で地価急騰　背景に外国人マネーも「1億円は低価格」,22,https://news.yahoo.co.jp/articles/1fa5364471a83e5da47c0fb058595285924d44a5,9/20(土) 22:30
2025-09-21,22:10,business,経済,12,FNNプライムオンライン,「100年以上かけてETF売却」植田サプライズで株価下落　FRBは雇用優先で利下げ　日米金融政策に逆風も,22,https://news.yahoo.co.jp/articles/909d842dfce9721b6de12c11915368d7c991617e,9/21(日) 18:01
2025-09-21,22:10,business,経済,13,ダイヤモンド・オンライン,iPhone 17もアルファードも「残クレ」で買うのが賢い…でも、やらない！経済評論家が断言するワケ,21,https://news.yahoo.co.jp/articles/591058f089a40ec923b2ca0aa14cc9053e8222fd,9/21(日) 6:01
2025-09-21,22:10,business,経済,14,ライフハッカー・ジャパン,たぶん、あなたにiPhone 17は必要ない。古いiPhoneを蘇らせる方法,20,https://news.yahoo.co.jp/articles/ad1fe16a48ccbf19264a6ea49c9ce20e6fe37f7c,9/21(日) 18:11
2025-09-21,22:10,business,経済,15,ITmedia ビジネスオンライン,サントリー新浪前会長は、なぜ「無罪推定」の段階で辞任したのか？,20,https://news.yahoo.co.jp/articles/a6d88e63488b8077e0d1fd1f3ceeb934e1a9edb2,9/21(日) 19:45
2025-09-21,22:10,business,経済,16,J-CASTニュース,ヤマト、佐川、日本郵便...宅配便どのサービスがお得に送れるの？　複雑な料金体系や割引制度を調べてみた,19,https://news.yahoo.co.jp/articles/a9e0e9cf28bc07c52bc1f4e1ddcae01ed71236f9,9/21(日) 16:00
2025-09-21,22:10,business,経済,17,ファイナンシャルフィールド,高齢の叔母が「生活保護」を申請。何年も音信不通で、私も「年収400万円」で余裕がないです。それでも“唯一の身内”なら援助すべきでしょうか？,18,https://news.yahoo.co.jp/articles/2d42a3fb25d5e9f82e59bfc10c6d673355bba515,9/21(日) 13:50
2025-09-21,22:10,business,経済,18,LIMO,【就職氷河期世代】50歳から新NISA「65歳までにあと1000万円用意できる？」《毎月の積立額をシミュレーション》,17,https://news.yahoo.co.jp/articles/070eff3f8403263bf3f8a2f6458514bd95260d17,9/21(日) 15:46
2025-09-21,22:10,business,経済,19,TBS NEWS DIG Powered by JNN,iPhone17発売　Appleボブ・ボーチャーズ副社長が語る「新機種・AI・今後」,16,https://news.yahoo.co.jp/articles/6d46b4aec15536c7c258ee33bb69f2d095929b78,9/21(日) 7:01
2025-09-21,22:10,business,経済,20,THE GOLD ONLINE（ゴールドオンライン）,「あんなに幸せだったのに…」世帯年収800万円・35歳で〈夢の一軒家〉を購入も、15年後「廃れたゴーストタウン」「家計は自転車操業」の哀しき現実【FPの助言】,16,https://news.yahoo.co.jp/articles/3cd1d52531e4c458b0d9ebd21ae8f4650e064413,9/21(日) 10:01
2025-09-21,22:10,business,経済,21,ベストカーWeb,先代プリウスは運転してドキッとするクルマだった!?　運転してわかった死角の大きいクルマ,15,https://news.yahoo.co.jp/articles/d4f0499319f04f7ec4e779615678e94c9e9ad350,9/21(日) 11:05
2025-09-21,22:10,business,経済,22,ITmedia ビジネスオンライン,加藤財務大臣が語ったWeb3戦略　暗号資産「20％分離課税化」の展望は？,15,https://news.yahoo.co.jp/articles/3bc317c64ee16aed2722d9c117e3c4d99b0a21ef,9/21(日) 19:35
2025-09-21,22:10,business,経済,23,Finasee,老後の生活費はいくらかかる？ 「年収300万～500万円未満」世帯が考える答えとは,14,https://news.yahoo.co.jp/articles/a86a04823da296abf15aa3d4afee04b0fdd2a4e2,9/21(日) 19:50
2025-09-21,22:10,business,経済,24,MotorFan,今から備えろ！トヨタ・カローラクロス次期型、新開発.1.5L直4搭載…価格は280万円台後半から!?,14,https://news.yahoo.co.jp/articles/73531fda51494995f59e24c29fc810f1189fb59b,9/21(日) 14:31
2025-09-21,22:10,business,経済,25,TBS CROSS DIG with Bloomberg,「日本人ファースト」の台頭はなぜ?　参院選で「外国人問題」が大きな争点に　物価高・住宅高騰・雇用不安が結びついた不満の矛先と、包摂に向けた政策課題,14,https://news.yahoo.co.jp/articles/cc20be03d28feecbac0a975044c40c3c2a4b8125,9/21(日) 13:01
2025-09-21,22:10,business,経済,26,マネーポストWEB,駆け込み需要で大賑わいの大阪・関西万博　「最初は行く気なかった」と言いつつ訪れた人たちの“想定外”　「まさか終盤に混雑するとは…」「しょぼいと思ってたのに楽しめた」,13,https://news.yahoo.co.jp/articles/a6e4464cb6778aab4acaab601bfa595b7cd2aa05,9/21(日) 11:15
2025-09-21,22:10,business,経済,27,マネーポストWEB,《石破首相退陣表明後に日経平均最高値》誰が自民党総裁になっても“株価にプラスになる政策が取られる”状況で株価上昇継続への期待　注目は農業分野と銀行株,13,https://news.yahoo.co.jp/articles/3f2ad71ae927d71fa1b07b1fc3d64a1b34b2fa0b,9/21(日) 15:15
2025-09-21,22:10,business,経済,28,朝日新聞,福岡・久留米で36階建てタワマン2億円　地価は上昇、売れ行き好調,13,https://news.yahoo.co.jp/articles/579b9ce66f49407120ad932c4a2362987ef3f3d1,9/21(日) 16:00
2025-09-21,22:10,business,経済,29,LIMO,【厚生年金に一度も入っていない人】《全体・男性・女性》の平均月額をチェック！老後はどれくらい年金を受給できる？,13,https://news.yahoo.co.jp/articles/5b2e434bdb493755d2b0c0ddc192969c67b99c2d,9/21(日) 17:56
2025-09-21,22:10,business,経済,30,ファイナンシャルフィールド,2025年8月に「1BTC＝12万ドル（約1800万円）」で最高値更新！ もし3月に“100万円”投資してたら、いくらになってた？ 大手調査機関の「年末20万ドル予測」の根拠も解説,12,https://news.yahoo.co.jp/articles/c8c917d92c2d3df3ef8b76d91bb234a04f3d80e7,9/21(日) 13:50
2025-09-21,22:10,business,経済,31,ファイナンシャルフィールド,「退職金1500万円」でNISAを始めたいという父親。本人は「年5％で増えるから」というのですが、本当に投資を始めて大丈夫でしょうか？,12,https://news.yahoo.co.jp/articles/c2296495ad28c21e6aae15de36f62537f47cb54f,9/21(日) 13:40
2025-09-21,22:10,business,経済,32,ファイナンシャルフィールド,【改正】遺族厚生年金は「子どもが18歳以上」だと受け取れなくなる!?“50歳の専業主婦”が受け取れる総額に「2000万円」以上の差が出る理由とは,11,https://news.yahoo.co.jp/articles/c38e40f76e2416e1bacd727b7a60103d7846b3d5,9/21(日) 13:30
2025-09-21,22:10,business,経済,33,ロイター,アップル、ｉＰｈｏｎｅ１７増産へ　購入予約好調で＝報道,11,https://news.yahoo.co.jp/articles/2eec05eeb31f5e8660e7db576b1c7e4c519b076c,9/21(日) 13:54
2025-09-21,22:10,business,経済,34,ファイナンシャルフィールド,アルファードの「リアバンパー」を破損！ 修理の仮見積もりでは“20万円前後”と言われましたが、保険を使わず「自費修理」のほうが、保険料が上がらず得ですか？,11,https://news.yahoo.co.jp/articles/d8b4034454d998d2f47bc1b1a296f69823e15baa,9/21(日) 13:40
2025-09-21,22:10,business,経済,35,ITmedia ビジネスオンライン,なぜ補助額を4万5000円にしたのか？　GIGAスクール構想「端末仕様策定の中心人物」に聞く,11,https://news.yahoo.co.jp/articles/54f4284eb45336568fc687da9d7fe0bfce5b1c2e,9/21(日) 19:32
2025-09-21,22:10,business,経済,36,LIMO,独身女性「自分より年収が低い男性と結婚できる」割合は？「浪費癖がなければ」「財布はわけるからどちらでも」「自分が稼ぐ」結婚できる理由もみる,10,https://news.yahoo.co.jp/articles/85c9eae92bd0debb2cbcae8eb522e73f3592771f,9/21(日) 11:11
2025-09-21,22:10,business,経済,37,carview！,今や1％台…電動化も相まってAT車全盛の中、あえてMT車を選ぶ理由はやっぱり「運転を楽しみたい」からだった,10,https://news.yahoo.co.jp/articles/877eb7996a5481f4b981e9535959a98094150085,9/21(日) 19:01
2025-09-21,22:10,business,経済,38,マネーポストWEB,「大学受験の半分は推薦」の時代到来でも総合型選抜は全体のわずか16％　指定校推薦と付属校からの内部進学を増やす大学側の事情,10,https://news.yahoo.co.jp/articles/56fe592c214c1180ad24f44eb0d2e97759a4c72d,9/21(日) 16:16
2025-09-21,22:10,business,経済,39,ファイナンシャルフィールド,67歳の父の死後、母が「年金ほとんど受け取れなかった」とポツリ…結局父は「払い損」だったのでしょうか？“受給額と支払額”を比較,10,https://news.yahoo.co.jp/articles/8a26124c503c30c0f4f96110f5fdf66cb9d4f47e,9/21(日) 13:40
2025-09-21,22:10,business,経済,40,LIMO,うらやましい「70歳代で貯蓄3000万円以上」の夫婦世帯の割合は？現代シニア「年金の平均月額」はいくらか,10,https://news.yahoo.co.jp/articles/e036b30b066104b1ba8ad386036aefd3b147df1d,9/21(日) 14:11
