scrp_date,scrp_time,genre_en,genre_jp,rank,media_jp,title,comment,link,date_original
2025-12-03,05:09,business,経済,1,共同通信,出国税3000円以上で調整　政府与党、観光公害対策に,157,https://news.yahoo.co.jp/articles/d3688b407e7ce6afbd4951d09a926053000b60d9,12/2(火) 19:34
2025-12-03,05:09,business,経済,2,共同通信,政府、無駄の削減で意見募集　年内にも、税制・補助金,80,https://news.yahoo.co.jp/articles/61455a6abdacad7b088d56a49ec5cfcfaa340146,12/2(火) 11:01
2025-12-03,05:09,business,経済,3,朝日新聞,維新、8ルートを再検討へ 北陸新幹線の敦賀―新大阪延伸計画,48,https://news.yahoo.co.jp/articles/1f4efd1ddf829df0b478a02b25efb2d09ed7063d,12/2(火) 18:00
2025-12-03,05:09,business,経済,4,BUSINESS INSIDER JAPAN,スーツ不況で明暗。快活クラブ好調なAOKI、変われなかった王者・青山,48,https://news.yahoo.co.jp/articles/f386cb5ecb0f22a4512d466feeff41eeca43f563,12/2(火) 11:15
2025-12-03,05:09,business,経済,5,日本農業新聞,スペイン産豚肉輸入停止　生ハムは欠品懸念の声　輸入肉相場の上昇必至,47,https://news.yahoo.co.jp/articles/fb48c2263ecbff5bfebc0f64e73ae5067dd4d680,12/2(火) 12:52
2025-12-03,05:09,business,経済,6,ファイナンシャルフィールド,【給付金】子育て世帯に「2万円の給付」が決定！ 子ども3人のわが家は「6万円全額」受け取れますか？“低所得世帯・高齢者世帯”には「追加支援金」の実施も？ 総合経済対策の内容を確認,43,https://news.yahoo.co.jp/articles/6cc35054ff0f7f535fa9d550c096f5df64e656b7,12/2(火) 13:30
2025-12-03,05:09,business,経済,7,共同通信,年末期限の住宅ローン減税延長へ　与党税調、対象広げ中古支援拡充,42,https://news.yahoo.co.jp/articles/e6c9b44fb489557aabf622a792e45ed93bd929c1,12/2(火) 10:53
2025-12-03,05:09,business,経済,8,FNNプライムオンライン（フジテレビ系）,【独自】共働き支援でベビーシッター利用を政府が支援へ…利用料の一定額を税金から差し引く仕組みで,42,https://news.yahoo.co.jp/articles/10f42610f29bc4c5e68983107cd554e7b307af98,12/2(火) 15:06
2025-12-03,05:09,business,経済,9,時事通信,長期金利、一時1．880％　月内利上げ観測で上昇,38,https://news.yahoo.co.jp/articles/781c0ff97c94e45fefbab557459343ec025d758b,12/2(火) 9:41
2025-12-03,05:09,business,経済,10,TBS NEWS DIG Powered by JNN,「老後2000万円問題」が「1238万円」になったワケ　“ゆとりある老後”には1億円超、40年後は8600万円不足?【Nスタ解説】,32,https://news.yahoo.co.jp/articles/246359661236dc734b72ed2065b9a439cc60efae,12/2(火) 20:23
2025-12-03,05:09,business,経済,11,THE GOLD ONLINE（ゴールドオンライン）,先進国のなかで一人負け…“名目GDPが28年間でマイナス24％”の日本、「国内生産」より「海外投資」に注力し過ぎた末の悲劇,31,https://news.yahoo.co.jp/articles/d59b9a7359478197b208f4778c644339ad2d6fd0,12/2(火) 11:00
2025-12-03,05:09,business,経済,12,東洋経済オンライン,「獣を殺すな！」「同じ目に遭わせてやる」「メイクするのは命への冒涜」と苦情が相次ぎ…それでも《現役・女性ハンター》が“狩猟を辞めない”理由,27,https://news.yahoo.co.jp/articles/d6109f5ea923ee2511848a22355da8dd8ffbd638,12/2(火) 7:00
2025-12-03,05:09,business,経済,13,プレジデントオンライン,子どもの学歴と年収は「生まれ」で決まる…最新研究で判明「頭のいい子が育つ裕福家庭」が幼少期に徹底すること,23,https://news.yahoo.co.jp/articles/8604a782113ca43c1be403deda1ed3f5bb6710f5,12/2(火) 17:15
2025-12-03,05:09,business,経済,14,共同通信,出国税3千円以上で調整,20,https://news.yahoo.co.jp/articles/a1478215cba65af51bd3810e2a22990d339965c1,12/2(火) 19:25
2025-12-03,05:09,business,経済,15,東洋経済オンライン,見切り発車の「ガソリン暫定税率廃止」で持ち上がる都道府県の「減収穴埋め」という難題…対処次第で地方の格差が広がりかねない,19,https://news.yahoo.co.jp/articles/d94db9f1ec6addd184fe3cf32223b429a17f8940,12/2(火) 10:00
2025-12-03,05:09,business,経済,16,FNNプライムオンライン（フジテレビ系）,北陸新幹線“延伸”で維新が対案7ルート提案し自民に再検討要請へ「小浜・京都ルート」と合わせ8ルート…前原氏議論を「国民に公開」,18,https://news.yahoo.co.jp/articles/73cd8ffc489d5e008b194c365e4687230bc664c5,12/2(火) 15:42
2025-12-03,05:09,business,経済,17,ファイナンシャルフィールド,命がけでクマ駆除しても報奨金はたったの「1万円」…？ 移動費、待機中の負担が反映されないケースも！ 制度上の位置づけはどうなっている？,17,https://news.yahoo.co.jp/articles/6d74ff1957ec0fe0494d9fe2bd96b86a4d8f9edf,12/2(火) 12:11
2025-12-03,05:09,business,経済,18,TBS NEWS DIG Powered by JNN,国産米に“値下げの兆し”…店頭価格が下がるのはいつ？活用広がる外国産米は民間企業による輸入が130倍超えに,15,https://news.yahoo.co.jp/articles/b1b8571d2515c02162da5eaad413dcf8031583fa,12/2(火) 18:02
2025-12-03,05:09,business,経済,19,TBS NEWS DIG Powered by JNN,鈴木農水大臣 「おこめ券 負担感少ない方法で」自治体からの反対論も“優良事例”紹介し早期実施につなげたい考え　大阪府交野市長は「絶対に配りません」と表明,15,https://news.yahoo.co.jp/articles/6735962c3a2cf6f4a5ba5a8fe22c953a96395598,12/2(火) 12:00
2025-12-03,05:09,business,経済,20,帝国データバンク,「唐揚げ店」の倒産、ピークから半減　淘汰の波は収束へ　唐揚げブームから「定着」へ変化,15,https://news.yahoo.co.jp/articles/98ce680a9e70a27f7e72b9fe5e082de295becc95,12/2(火) 10:00
2025-12-03,05:09,business,経済,21,Bloomberg,ロシアはウクライナ支援国の船舶攻撃を検討する可能性－プーチン氏,15,https://news.yahoo.co.jp/articles/127be21827134174a413cd377b2e11a08f23194e,12/3(水) 1:47
2025-12-03,05:09,business,経済,22,朝日新聞,税収80兆円超へ、物価高の「恩恵」,14,https://news.yahoo.co.jp/articles/def63d5b41e201f6f466d77c24acb26c196c2765,12/2(火) 6:00
2025-12-03,05:09,business,経済,23,共同通信,日系企業9社、米関税巡り提訴　違法判決に備え返還要求,14,https://news.yahoo.co.jp/articles/7f25ca314780cea9e6999a7df7104412a1a25525,12/2(火) 17:48
2025-12-03,05:09,business,経済,24,ロイター,中国万科の債券価格が下落、1年間の償還猶予要請受け,13,https://news.yahoo.co.jp/articles/7ccbd61170b5518b36ea3024fcf1a3ff5f28b31d,12/2(火) 11:58
2025-12-03,05:09,business,経済,25,テレビ朝日系（ANN）,海賊版漫画サイト「タダ読み」被害額年間8兆5000億円…対策法は？摘発に多くの労力も,13,https://news.yahoo.co.jp/articles/c9fe2bb928e295db896e91e91b761b581ec53cb3,12/2(火) 20:30
2025-12-03,05:09,business,経済,26,共同通信,欧州企業、調達先で脱中国目指す　リスク回避、輸出規制で3割検討,13,https://news.yahoo.co.jp/articles/552b5a204dd0b2721a4b833e79e96976c02a460c,12/2(火) 17:40
2025-12-03,05:09,business,経済,27,共同通信,長野カルテルで補助金停止　経産省、ガソリン販売,13,https://news.yahoo.co.jp/articles/444df871f0073b92ad1c2862ef5fcc8a600d9394,12/2(火) 18:54
2025-12-03,05:09,business,経済,28,マネーポストWEB,《チャイナリスク顕在化》進む日本企業の「脱・中国依存」　2012年のピーク時から1000社以上が中国から撤退、製造業だけでなくデフレで苦戦する小売り業も店舗閉鎖,13,https://news.yahoo.co.jp/articles/d3d5471a24b28eb2d8fc71b42cd55672241f0477,12/2(火) 7:15
2025-12-03,05:09,business,経済,29,ベストカーWeb,日産が中国で新型ピックアップ「フロンティアPRO」発表!!　PHEVだけじゃなくディーゼルもあり!!　価格は373万円からって激安じゃん!!！,12,https://news.yahoo.co.jp/articles/36df9e93705849244ad5c80e3b1afa9c5d4a018f,12/2(火) 22:31
2025-12-03,05:09,business,経済,30,ITmedia ビジネスオンライン,ニコン「400億円」新本社の全貌　圧巻の劇場型アトリウム、階段で仕事……交流を生む数々の仕掛けとは,12,https://news.yahoo.co.jp/articles/02f605ae6e0fd334ca965a7ed9cbf4e100f723c8,12/2(火) 7:00
2025-12-03,05:09,business,経済,31,ファイナンシャルフィールド,60歳、退職金「3000万円」すべて一つの銀行に預けています。銀行が潰れた場合“1000万円”しか戻ってこないと友人から聞いたのですが本当でしょうか。,11,https://news.yahoo.co.jp/articles/faa02c793dceba2cf109b148bac23d9b428bd250,12/3(水) 3:10
2025-12-03,05:09,business,経済,32,ベストカーWeb,外国免許切替の合格率が「ほぼ全員合格」から3割に急落！　厳格化で簡単すぎた試験に終止符,11,https://news.yahoo.co.jp/articles/e2633795a4e061286054c27163e6d6774041fff5,12/2(火) 12:00
2025-12-03,05:09,business,経済,33,共同通信,「政策効果低いものは廃止」と財務相,11,https://news.yahoo.co.jp/articles/e939ee004ae8aeae40cfd9b4fd892b371ac6d6c1,12/2(火) 9:05
2025-12-03,05:09,business,経済,34,集英社オンライン,「俺の若い頃は有休なんてとれなかった」かつて“若者”だった世代が時代の変化にイラ立つ心理と「出る杭」が打たれない条件とは,11,https://news.yahoo.co.jp/articles/c432359e6d42b800abc7ca409f3453041f34a1e8,12/2(火) 11:30
2025-12-03,05:09,business,経済,35,まいどなニュース,高市首相に「自制」を求めたトランプ大統領の意図　「自国の財布」を守るためのリスク管理や中国への「貸し」　日米同盟の理念よりも米国の短期的実利を優先か,11,https://news.yahoo.co.jp/articles/ffeceb070531565cd5d05378687e1e1bad1992ce,12/2(火) 19:00
2025-12-03,05:09,business,経済,36,みんかぶマガジン,借金地獄と引き換えに支持率上昇！…高市首相の経済政策「積極財政＆MMT」最新実証データが示したこと,11,https://news.yahoo.co.jp/articles/3a5a816f5a89a3efb2b3da01cc0b4cfdfde0a303,12/2(火) 9:10
2025-12-03,05:09,business,経済,37,THE GOLD ONLINE（ゴールドオンライン）,遊園地？…行きたくありません。69歳女性「ばあば、いっしょに行こうよ」可愛い孫の“お誘い“を静かに拒絶したワケ,11,https://news.yahoo.co.jp/articles/11402c59504f6e188378e7267ddbc8a55c6d8f16,12/2(火) 10:00
2025-12-03,05:09,business,経済,38,ITmedia ビジネスオンライン,沖縄はなぜファミマが強い？　全国3位の激戦区で「V字回復」を実現した独自戦略,10,https://news.yahoo.co.jp/articles/1602ce716e86751a35b27b40b7603c68fa15f4cc,12/2(火) 8:30
2025-12-03,05:09,business,経済,39,ロイター,米テスラ、11月も欧州で販売低迷　仏などで前年比6割近く減少,10,https://news.yahoo.co.jp/articles/4b452eab9bad736601639fe1a933a65b35585885,12/2(火) 9:12
2025-12-03,05:09,business,経済,40,集英社オンライン,〈嵐ラストツアー〉経済効果は“600億円超”も…各地で5万円超ホテルの争奪戦、生配信1000万人ならローリング・ストーンズ超か,10,https://news.yahoo.co.jp/articles/7bd34deac31b1071eb6443c2bb47b0284e9bff4b,12/2(火) 11:00
