scrp_date,scrp_time,genre_en,genre_jp,rank,media_jp,title,comment,link,date_original
2026-09-18,07:02,entertainment,エンタメ,1,女性自身,N/A,74,https://news.yahoo.co.jp/articles/d4454a6eddc9af54975b452e4fd4a47ff1f178db,9/17(木) 17:40
2026-09-18,07:02,entertainment,エンタメ,2,女性自身,N/A,58,https://news.yahoo.co.jp/articles/8d096cafb184e9fcda79f4e01a43315c0771b3d9,9/17(木) 17:45
2026-09-18,07:02,entertainment,エンタメ,3,オリコン,N/A,56,https://news.yahoo.co.jp/articles/c69d0aa7d16bb7374b68941c6a152939f8f3f41d,9/17(木) 20:15
2026-09-18,07:02,entertainment,エンタメ,4,女性自身,N/A,54,https://news.yahoo.co.jp/articles/64d1df93b4698eb2b664c3e091f979f010571ac2,9/17(木) 16:20
2026-09-18,07:02,entertainment,エンタメ,5,エンタメNEXT,N/A,47,https://news.yahoo.co.jp/articles/1a2008f50c6b5d3c362f3a0219b7840691f7cc6a,9/18(金) 6:00
2026-09-18,07:02,entertainment,エンタメ,6,スポニチアネックス,N/A,45,https://news.yahoo.co.jp/articles/eb40974b31d460f4303133264ea621c8dce3bd4c,9/18(金) 5:20
2026-09-18,07:02,entertainment,エンタメ,7,SmartFLASH,N/A,44,https://news.yahoo.co.jp/articles/d9dd3f24600ad17ee20a66353365f10e111505b5,9/17(木) 18:30
2026-09-18,07:02,entertainment,エンタメ,8,日刊スポーツ,N/A,43,https://news.yahoo.co.jp/articles/b4d9b18a195c6e89b7e0c9837fdd263364db2ead,9/17(木) 11:30
2026-09-18,07:02,entertainment,エンタメ,9,女性自身,N/A,42,https://news.yahoo.co.jp/articles/8224be4cff7a1bcaef35065c5858a742bc9cb0b7,9/17(木) 11:00
2026-09-18,07:02,entertainment,エンタメ,10,西スポWEB OTTO!,N/A,36,https://news.yahoo.co.jp/articles/a5999cbeebc1c1d510780384a24a626494811750,9/18(金) 5:30
2026-09-18,07:02,entertainment,エンタメ,11,スポニチアネックス,N/A,34,https://news.yahoo.co.jp/articles/862569f10974d63adab33e6563604560b2c7f909,9/18(金) 4:00
2026-09-18,07:02,entertainment,エンタメ,12,女性自身,N/A,32,https://news.yahoo.co.jp/articles/4f2c91af5b224dd6e8e1443837cb3031d974a6f4,9/17(木) 17:00
2026-09-18,07:02,entertainment,エンタメ,13,スポニチアネックス,N/A,31,https://news.yahoo.co.jp/articles/f1216b42721ca164d88a95318537477f57981d7e,9/17(木) 20:20
2026-09-18,07:02,entertainment,エンタメ,14,SmartFLASH,N/A,31,https://news.yahoo.co.jp/articles/5936984f4cdc292285ebc4c512859ab3166d1135,9/17(木) 18:05
2026-09-18,07:02,entertainment,エンタメ,15,デイリースポーツ,N/A,29,https://news.yahoo.co.jp/articles/e9176b5767b84a57283aa4de33f2f801c8144d3f,9/17(木) 11:04
2026-09-18,07:02,entertainment,エンタメ,16,女性自身,N/A,27,https://news.yahoo.co.jp/articles/19e41c7fa3b25ee3bc04e85ee342f331a1b58ce3,9/18(金) 6:00
2026-09-18,07:02,entertainment,エンタメ,17,デイリー新潮,N/A,27,https://news.yahoo.co.jp/articles/b72c3bf555d9bc4c3dd00df05e903ee65775b4de,9/18(金) 6:05
2026-09-18,07:02,entertainment,エンタメ,18,SmartFLASH,N/A,27,https://news.yahoo.co.jp/articles/52fbd4e979c5c1bd1e4ada4775e9175c66c467c0,9/17(木) 18:05
2026-09-18,07:02,entertainment,エンタメ,19,日刊スポーツ,N/A,26,https://news.yahoo.co.jp/articles/9605a3829b3026956aebfd63537117dc0454f485,9/18(金) 6:00
2026-09-18,07:02,entertainment,エンタメ,20,オリコン,N/A,26,https://news.yahoo.co.jp/articles/081980473905ea79adfbefc45732374740d58369,9/17(木) 8:53
2026-09-18,07:02,entertainment,エンタメ,21,SmartFLASH,N/A,25,https://news.yahoo.co.jp/articles/21ae8cb5a31c01bfb334645404069ceef1307614,9/18(金) 6:00
2026-09-18,07:02,entertainment,エンタメ,22,SmartFLASH,N/A,25,https://news.yahoo.co.jp/articles/09de0b2d05f9f7a7ea78352ac09e40b847bd8db2,9/17(木) 17:25
2026-09-18,07:02,entertainment,エンタメ,23,SmartFLASH,N/A,25,https://news.yahoo.co.jp/articles/f0d11bedfbd9d4423e20e4dff2e68405d771bbfe,9/17(木) 18:50
2026-09-18,07:02,entertainment,エンタメ,24,日刊スポーツ,N/A,24,https://news.yahoo.co.jp/articles/5476c6ba4ae05a7698dee66a444130c9d74c0657,9/17(木) 7:27
2026-09-18,07:02,entertainment,エンタメ,25,SmartFLASH,N/A,22,https://news.yahoo.co.jp/articles/7ee642c967389de5e8a3c7da86b39985f3f4a91f,9/17(木) 17:50
2026-09-18,07:02,entertainment,エンタメ,26,オリコン,N/A,20,https://news.yahoo.co.jp/articles/9bd4f17305903ae028dbda58f5e29a0117ae11e7,9/17(木) 11:50
2026-09-18,07:02,entertainment,エンタメ,27,スポーツ報知,N/A,20,https://news.yahoo.co.jp/articles/27ea32401d97a153f233210afcdd69f3a2fb1f7a,9/17(木) 16:20
2026-09-18,07:02,entertainment,エンタメ,28,日刊スポーツ,N/A,20,https://news.yahoo.co.jp/articles/7d6083af93f1552a7925f7c0cbc5230877ea13d0,9/17(木) 14:47
2026-09-18,07:02,entertainment,エンタメ,29,女性自身,N/A,19,https://news.yahoo.co.jp/articles/0e63df7a57a6673238a1bac4277d2d8823e4bec6,9/17(木) 11:00
2026-09-18,07:02,entertainment,エンタメ,30,エンタメNEXT,N/A,18,https://news.yahoo.co.jp/articles/2de914d8dd23afa9cd8196a8d5457f872e122c10,9/17(木) 13:00
2026-09-18,07:02,entertainment,エンタメ,31,スポニチアネックス,N/A,18,https://news.yahoo.co.jp/articles/dba1c0e64950c851b88e0d7d6ad100271fbf9885,9/18(金) 4:40
2026-09-18,07:02,entertainment,エンタメ,32,デイリー新潮,N/A,17,https://news.yahoo.co.jp/articles/c85736d8b7567620248954496f7af2d25e75380a,9/17(木) 11:00
2026-09-18,07:02,entertainment,エンタメ,33,スポーツ報知,N/A,17,https://news.yahoo.co.jp/articles/dde5670983af9fce87e0001134207fe04150cd22,9/18(金) 5:41
2026-09-18,07:02,entertainment,エンタメ,34,中日スポーツ,N/A,16,https://news.yahoo.co.jp/articles/0ce1b5936ec3566cd55cc4ef000f638a316f7062,9/18(金) 6:35
2026-09-18,07:02,entertainment,エンタメ,35,女性自身,N/A,16,https://news.yahoo.co.jp/articles/c5a0b0a1dae15189a5cd8cad494e68fe6ce4785c,9/17(木) 18:00
2026-09-18,07:02,entertainment,エンタメ,36,SmartFLASH,N/A,16,https://news.yahoo.co.jp/articles/3393415f57bf5bff184c6e4e33f91241e4efe823,9/17(木) 16:25
2026-09-18,07:02,entertainment,エンタメ,37,スポニチアネックス,N/A,16,https://news.yahoo.co.jp/articles/3a20a0e6e16c8730b34fa8442325612ab7115357,9/17(木) 16:32
2026-09-18,07:02,entertainment,エンタメ,38,ピンズバNEWS,N/A,15,https://news.yahoo.co.jp/articles/5f7282c39d2ee50a225f35e22592cfb4f0d19fce,9/17(木) 11:00
2026-09-18,07:02,entertainment,エンタメ,39,スポニチアネックス,N/A,15,https://news.yahoo.co.jp/articles/450b1fc8b4dbacaf52c6286e24e9a4b3ad69b201,9/17(木) 22:45
2026-09-18,07:02,entertainment,エンタメ,40,日刊スポーツ,N/A,15,https://news.yahoo.co.jp/articles/bb81984538ec90e298b1df473f95f7017643a5fd,9/17(木) 9:30
