scrp_date,scrp_time,genre_en,genre_jp,rank,media_jp,title,comment,link,date_original
2026-08-09,23:41,it-science,IT・科学,1,BCN,N/A,14,https://news.yahoo.co.jp/articles/1f9f05a215d53f0ddce84f466723d099e6350e4d,8/9(日) 18:30
2026-08-09,23:41,it-science,IT・科学,2,オタク総研,N/A,9,https://news.yahoo.co.jp/articles/41846280256b9d9405d71ddd09a61be664e518ac,8/9(日) 7:36
2026-08-09,23:41,it-science,IT・科学,3,ギズモード・ジャパン,N/A,7,https://news.yahoo.co.jp/articles/296dfd7bcf436bd65f3c67282c1dfc054a9e5ca9,8/9(日) 7:30
2026-08-09,23:41,it-science,IT・科学,4,ギズモード・ジャパン,N/A,7,https://news.yahoo.co.jp/articles/4f4461101b4cf47280ae24f0902f8ceb893faa44,8/9(日) 12:30
2026-08-09,23:41,it-science,IT・科学,5,ギズモード・ジャパン,N/A,5,https://news.yahoo.co.jp/articles/9971eee1ea22fb113a59c7a7e9f4c1b03198dc5e,8/9(日) 19:00
2026-08-09,23:41,it-science,IT・科学,6,＠ＤＩＭＥ,N/A,5,https://news.yahoo.co.jp/articles/9082221467406d0e80170822d6d7d632081f5911,8/9(日) 7:10
2026-08-09,23:41,it-science,IT・科学,7,読売新聞オンライン,N/A,4,https://news.yahoo.co.jp/articles/4389556d62d8d2e86a40e64959d9a0fda24cefed,8/9(日) 13:30
2026-08-09,23:41,it-science,IT・科学,8,ビジネス＋IT,N/A,4,https://news.yahoo.co.jp/articles/5e23f087deba3325094a6394959e3b95d6367c88,8/9(日) 7:50
2026-08-09,23:41,it-science,IT・科学,9,ギズモード・ジャパン,N/A,4,https://news.yahoo.co.jp/articles/121cdd2f1f00d52dc11dff714edaf0c6d3a49c86,8/9(日) 20:30
2026-08-09,23:41,it-science,IT・科学,10,PHILE WEB,N/A,3,https://news.yahoo.co.jp/articles/94876ae811679c9d6be8a4fc9fb34a656da31739,8/9(日) 10:00
2026-08-09,23:41,it-science,IT・科学,11,ギズモード・ジャパン,N/A,3,https://news.yahoo.co.jp/articles/39d8423e4c56263beefe47db8b8f7286e745b9ee,8/9(日) 19:00
2026-08-09,23:41,it-science,IT・科学,12,アスキー,N/A,3,https://news.yahoo.co.jp/articles/ed51ffdff847ccdf04d7b61a257ff443af744d0a,8/9(日) 18:00
2026-08-09,23:41,it-science,IT・科学,13,AMP［アンプ］,N/A,3,https://news.yahoo.co.jp/articles/0aaa556b62a4eb48b06089a192f6020195432adf,8/9(日) 12:00
2026-08-09,23:41,it-science,IT・科学,14,アスキー,N/A,3,https://news.yahoo.co.jp/articles/37c2c66b8dd70db835156f4d8f70d83caf1c28b9,8/9(日) 12:00
2026-08-09,23:41,it-science,IT・科学,15,All About,N/A,2,https://news.yahoo.co.jp/articles/76c0dd294cca00270de336bd2b44863aaa8a74fa,8/9(日) 21:15
2026-08-09,23:41,it-science,IT・科学,16,ギズモード・ジャパン,N/A,2,https://news.yahoo.co.jp/articles/f4030eb259f7b9b655f73346831c97f11accea05,8/9(日) 6:00
2026-08-09,23:41,it-science,IT・科学,17,ギズモード・ジャパン,N/A,2,https://news.yahoo.co.jp/articles/1665ef701ec1c184fb2f4ab6d0062e5e2cdb5f18,8/9(日) 9:30
2026-08-09,23:41,it-science,IT・科学,18,ギズモード・ジャパン,N/A,2,https://news.yahoo.co.jp/articles/18178b85f3f0d7fe334a65ad4173074c8dacb588,8/9(日) 21:30
2026-08-09,23:41,it-science,IT・科学,19,アスキー,N/A,2,https://news.yahoo.co.jp/articles/84ff7f801ab2301f591347db1686f39a96f47389,8/9(日) 17:00
2026-08-09,23:41,it-science,IT・科学,20,Forbes JAPAN,N/A,2,https://news.yahoo.co.jp/articles/9a20225f3c5234fc60ecd2428ce24ea8721faedd,8/9(日) 11:00
2026-08-09,23:41,it-science,IT・科学,21,Forbes JAPAN,N/A,2,https://news.yahoo.co.jp/articles/85084e5fd2ef05f7ddbc5397de60b2c6543ab3c6,8/9(日) 10:00
2026-08-09,23:41,it-science,IT・科学,22,BCN,N/A,2,https://news.yahoo.co.jp/articles/4bd698fba79520e946e5da23c8f19a7cd5343958,8/9(日) 9:00
2026-08-09,23:41,it-science,IT・科学,23,リアルサウンド,N/A,2,https://news.yahoo.co.jp/articles/fe5dbc906be2fdcfa3469414bc719a7a8fc8bb21,8/9(日) 19:30
2026-08-09,23:41,it-science,IT・科学,24,NADA NEWS,N/A,2,https://news.yahoo.co.jp/articles/29e40a00a7b9d9e2808c70b59837ff85d2a3941b,8/9(日) 8:00
2026-08-09,23:41,it-science,IT・科学,25,テクノエッジ,N/A,2,https://news.yahoo.co.jp/articles/2d8da85640988e86318b7a937dd39cb0cea8cc2d,8/9(日) 12:45
2026-08-09,23:41,it-science,IT・科学,26,sorae 宇宙へのポータルサイト,N/A,2,https://news.yahoo.co.jp/articles/9f1bdbd78f3fa5dccdfe6adc71d3c25843e8b93e,8/9(日) 16:15
2026-08-09,23:41,it-science,IT・科学,27,NADA NEWS,N/A,2,https://news.yahoo.co.jp/articles/9af4987e65fb30235127139646220313b6e8e3ec,8/9(日) 9:36
2026-08-09,23:41,it-science,IT・科学,28,AKIBA PC Hotline!,N/A,2,https://news.yahoo.co.jp/articles/894c0d38e6c6c04999ca2f8bc7d61fed20f1e718,8/8(土) 19:30
2026-08-09,23:41,it-science,IT・科学,29,アスキー,N/A,2,https://news.yahoo.co.jp/articles/63089cd1fe0abc37ba997391007fe09da2fa2a81,8/9(日) 17:00
2026-08-09,23:41,it-science,IT・科学,30,BCN,N/A,2,https://news.yahoo.co.jp/articles/bd26eacc428b0ab4e95738ecf1cb95d2e87a89de,8/9(日) 18:00
2026-08-09,23:41,it-science,IT・科学,31,ITmedia NEWS,N/A,2,https://news.yahoo.co.jp/articles/9c038aae467dc758d1544ab9dad2d3e80af9d846,8/9(日) 8:21
2026-08-09,23:41,it-science,IT・科学,32,読売新聞（ヨミドクター）,N/A,1,https://news.yahoo.co.jp/articles/a6cef46ea711615700cc996667af5d9b5e3db7fb,8/7(金) 11:02
2026-08-09,23:41,it-science,IT・科学,33,ギズモード・ジャパン,N/A,1,https://news.yahoo.co.jp/articles/6c4382715b559380d10099195875dabcbe9a1b31,8/8(土) 19:30
2026-08-09,23:41,it-science,IT・科学,34,PC Watch,N/A,1,https://news.yahoo.co.jp/articles/9aee8304212babba5343011b92fc9c7e9811f05f,8/3(月) 14:10
2026-08-09,23:41,it-science,IT・科学,35,PHILE WEB,N/A,1,https://news.yahoo.co.jp/articles/1c57eb90d4cadaac34815ef6eee08db42ec9645a,8/9(日) 9:00
2026-08-09,23:41,it-science,IT・科学,36,BCN,N/A,1,https://news.yahoo.co.jp/articles/ab7e9748bb13f4d902b6f59cc53872a349c5536b,8/6(木) 18:00
2026-08-09,23:41,it-science,IT・科学,37,Yahoo!ニュース PR［PR］,N/A,1,https://news.yahoo.co.jp/articles/4f9cf5d76017658c8ed1905533bcf65fede5c6b0,8/7(金) 11:10
2026-08-09,23:41,it-science,IT・科学,38,ケータイ Watch,N/A,1,https://news.yahoo.co.jp/articles/0b6053db00c65d88aab4571c6b22cbf6bbde52ee,8/7(金) 18:20
2026-08-09,23:41,it-science,IT・科学,39,メ〜テレ（名古屋テレビ）,N/A,1,https://news.yahoo.co.jp/articles/bb0980c73614bc213373aa8bbc38a13c993f3ff1,8/9(日) 12:00
2026-08-09,23:41,it-science,IT・科学,40,PHILE WEB,N/A,1,https://news.yahoo.co.jp/articles/1bd4d2b7d3be70b103bfc83f2f4e781a8464360a,8/9(日) 9:00
